137408.116955912556
67406.011975422603
41637.291894173439
102126.893982896989
75148.990668970233
89351.723199961343
104821.595081513617
11003.951867973848
91469.950313993351
88092.831841602921
24395.514152675940
111961.813409577226
77518.649127677971
98310.144508117533
59323.425681504712
49066.773299564527
88981.099443483006
27331.856086231201
22619.467105846510
24556.196144931546
70518.605312210027
81309.047590393355
111041.020337791982
70459.847172689042
32442.894134400962
100831.696405180730
43508.963857116236
42877.084854724213
22258.314850377581
51902.417576938737
112359.730775384800
76717.692600662747
71295.576862536633
30963.537193781001
100216.805649514397
26911.365992596879
102214.858577197505
145777.244258686056
1920.822108282359
81154.806934193257
4368.908183592206
118111.849877692992
100315.313215771035
115491.401273331183
45242.704122877331
142378.619670186308
97360.271192492422
22243.194065736556
64503.180363505635
12737.250814766930
2154.010562986316
118456.522997121036
23809.083524005848
49490.556269551213
52081.984399138666
153734.621901579929
85586.097954780998
70685.834705770350
113628.713486639739
136897.428479140333
61702.974111605930
65605.654985440400
95746.077642482764
62948.360184717407
59867.668003349965
141910.160310454259
119059.421933549704
44805.205929938413
105325.932902152446
66310.132508797207
110680.215320836884
115161.870101452674
39725.540446341438
83335.060510993426
84063.633822656702
84363.337037609686
125841.834447050263
9780.273971570330
32392.676251832210
71339.285977717023
69085.585947848042
99193.186405681467
117585.886033048970
141066.149525979097
65862.143585658472
88814.918712085841
31297.802652122955
42399.480816787604
58559.287062913747
152961.039233629621
88891.713199173595
42794.775127200162
88017.437500020751
33749.575478811574
12417.668562089257
89164.525614552826
43749.295695115863
40910.740346686129
22871.227841258325
149548.619725325465
92233.057004705930
114808.433312557012
58643.203835910594
70856.649673772525
115830.360030540105
124810.255539330494
118870.559982410807
65556.444438447084
142903.145159316453
114962.238402320960
80726.364826643330
67325.452563805549
67416.161736303446
67000.118204578801
24598.670477608081
63252.092089094236
42861.636414327651
120852.931676201915
86831.403350407578
152772.610493116546
99730.298611179489
107517.866976457080
100225.505444555107
14913.381987564100
115811.671581934133
101974.955138196106
34050.151975932975
44352.799077305055
72923.450783888897
36407.131864288713
30361.821937023225
69586.277277013913
34677.292409405833
72792.853091688288
89733.440071032674
78676.687889949870
85319.761137136476
74545.970898604981
112258.771951697432
110266.881378834820
18967.863703420287
123208.531084859002
112223.401572870280
19210.390277751070
106643.247581697680
125559.979420632677
30230.655206085350
118175.175083606242
124424.347841750554
70818.402609722398
49662.296667947441
121234.305938956182
23962.658250595618
7866.548004588842
59280.955775338371
60794.257053972993
92979.160657997680
56938.045734081206
41860.905294994060
73144.767766526042
13672.761007137158
58106.897720796813
119673.836842819408
76274.146260089270
109339.990715539156
18580.276551231062
93023.505254141419
90846.659452517619
70902.310074556750
24881.413816431159
74852.392101008256
136028.651905839797
44601.617539053666
100885.229618363301
134284.236385042110
105217.535715632199
82877.699857424654
126498.846190671000
138168.246572101983
16939.467588156163
45998.302035960725
84175.448875470203
46209.928002625624
62627.048950716991
98497.360698896067
101163.053356775650
61087.475120141084
53426.916748838623
99255.093612701196
13744.467859455344
38571.332203446895
141559.362861993461
123888.035617230154
48689.300543235637
104247.168233284116
43187.025409948372
55952.297633765331
65986.012096000020
5020.788659212088
99732.454016921809
59921.870202917431
23955.691181173370
97884.173104223984
117161.771024814341
62374.774785419846
47010.792468317661
66702.902119599297
74798.465088651530
82238.417155867472
11989.986537195869
105603.546219638403
83146.404586892488
100496.878634581939
125094.076706402353
32685.129967948207
31250.409482948799
63361.211433925746
172695.515866761911
30141.011117204765
63984.338349665311
33218.933349470928
121418.557670595503
37961.134038866279
4195.911148134528
93027.672693392640
19509.728740558232
52502.701793586646
31280.683547236837
126432.569608812395
117621.228950401855
80726.364826643330
40139.944535348928
60760.818530160126
126269.382219940526
124248.530852887139
64530.603849377600
106145.487027783660
114064.740060462558
111578.938596886233
58652.985063807064
129997.308809743568
71192.678320549501
92178.014591704734
15327.830556864601
30190.705400997911
35772.021949451970
83992.089659958074
88466.497874671404
122088.297519836997
121133.029738283993
5957.938067749114
56565.580005068092
36158.281476978402
26606.776501782671
133969.437165624055
104236.346087918209
133263.172572733485
125814.797115275302
61132.086099222019
54798.246257863189
75574.669300945694
129132.024433154860
135802.482434722449
126361.993406344540
30762.475263951255
24185.985519240770
67640.834303917785
85247.116655159043
38724.721013987910
116998.894405690764
59963.253986724907
7210.496793894366
145799.601457109413
97957.173796674484
90967.956877346049
99368.010852343403
20039.172339698096
115929.795465709132
136790.180125055602
86701.272999389796
104790.751563808706
55241.765220722926
80982.180228435638
44577.105359336769
67288.987649076400
75888.312140115042
123582.442347333912
114015.319552078116
110114.916903424630
126635.255394075022
70685.834705770350
118296.962858901825
68007.229538189102
103971.357936404602
87209.469666324076
61267.219099821472
28123.432715180708
82851.929456148617
20230.744041720121
105618.272210288531
114984.385516488808
15491.821693381988
124498.789143536502
116547.664067179343
109999.181435602964
73874.102450213482
55877.545033993156
39698.910100012617
140372.071749034832
88239.000335756617
131994.823178686056
40293.218295847124
68215.645282147758
51376.533517852586
86698.473185784431
41699.485522425974
74436.853880201787
47629.577890293702
84783.731738754548
43498.975203550981
115994.512274373046
74817.716268633900
27291.800779897931
112472.762743601575
96582.498733179527
132793.027072138182
73673.658222165075
117048.639541538883
98779.053278271531
136721.527801873657
31806.506869062847
71940.326289296499
89755.818539250031
40632.262317429129
43508.667909982207
118623.795236951686
145103.552712681150
30817.453135389074
53874.723617460855
107847.227496591513
118449.060132380662
104358.122898646528
50363.961770006361
73146.316412963381
50904.111856351054
62777.216677820390
17735.412526890665
104567.076989187655
59161.985363887768
80201.855444478773
86454.302721121770
55953.286869375799
44995.264431498959
102091.427055307780
9713.804484899640
82677.848263226158
91965.660565333455
123965.342115105625
76567.665522919880
5700.105710673321
104507.697615542464
11929.255624211164
73287.073422942703
104062.115057508301
89740.501721003471
96317.803567077324
97471.715058204005
114853.651169571007
81402.435565695851
68222.826065355941
96775.114273295723
70076.638912943803
81469.744188299024
58654.998050058726
84655.711838120755
82311.062700930372
7577.521480458581
115606.980570935601
38543.786899438754
136887.542985986453
118569.506609839256
61439.778460405192
53886.660329846134
71024.473913884576
103091.197580567299
46878.952071533124
55825.036507628385
109064.236537900462
112314.280248492010
24605.284356878798
73996.521461241879
94344.720181004566
115313.254254427389
22671.041585242943
27566.267230383670
91077.776029236746
85023.995281261698
68909.059173687914
141224.300156154117
76906.916645131132
44155.546745124186
56689.575920357616
39404.671661633300
27363.272012767098
99385.041911781198
72247.154753085561
111805.512630076439
102593.944090730685
48122.916267688452
101938.779222791141
29815.285078893932
96118.111834043462
113503.394313023804
60436.388673433648
13328.730431630296
92571.822600494532
65288.109632477172
94991.503582829333
70556.948853315364
116714.066988982522
98716.424330472379
48080.330233939785
141626.906361352332
123553.632997860623
91986.335551933720
118892.443001750420
65998.289109396283
106861.382442637972
78664.121519335516
107756.628018129908
20381.456339289209
114138.969843438419
19177.470268245888
1908.517537055799
52988.706918621603
39330.307822180141
104241.240954423512
38633.356499786423
104066.344124541996
105728.415800972332
125880.391128779869
109830.079169499164
50420.370281288087
125324.074505365803
40316.582122293410
129189.417110886119
45252.352539637162
82463.622528562672
118299.812963577249
107544.463414263053
78969.466535035768
127375.599250440966
104447.651307956854
35782.416925143996
11037.462189612139
64240.497797048847
73537.229393901420
135136.703898578970
38566.191415468304
113842.341787083846
57075.023133768453
57308.730503388004
122169.009308816559
58187.390419056363
135917.864564908814
44567.890020886240
96115.650583619165
44343.294706087785
72811.226855678964
99172.063596024062
31199.226455970314
39500.513153694563
72851.641111052362
146272.553951140755
48918.464191966727
37157.457937286177
67790.542916221995
75809.957123343163
131745.775355550984
21149.899875667285
107023.911946923428
153751.003063273645
82366.470517135967
109911.760578492525
43546.754029615942
108975.565967722738
90631.095865073628
116531.782394553535
41671.227354543596
32471.501667504101
48348.671115775411
137572.094342753873
101641.375118251293
53444.774222869557
137577.688794286951
82595.139064855422
107347.890279199695
154140.413829584955
27056.538330043877
94306.786913187301
97589.248684451610
150623.761118061142
28805.263040764814
56403.081763596267
19386.095066876846
133893.108099670178
142720.794960698287
104236.798442126019
146887.731429661391
74438.346299996672
49016.866483626967
118555.329166069234
131602.115937006456
109267.767153902954
126068.743944263231
115842.051451318301
83403.467188635681
78171.660950652265
41394.717531578623
86510.979379698212
65101.488417032720
56128.686430925845
48940.061051585333
99892.828907112955
75033.798938338616
125404.138488278739
9202.681019259073
108122.706235763995
91633.368911684709
30402.148245683002
110268.708335793388
95831.633178955162
127369.283624774864
121917.830636411425
61582.375919198348
85120.626214106596
83826.767709886059
63754.840170593379
74323.893246406937
64103.569777969009
58203.611054132649
46210.421608017990
16383.071476486346
95029.170637604519
83284.877883726862
24857.178673103470
98646.906920620531
81357.653590415590
29801.147911952776
106798.305667800072
24804.649682895619
129065.638455060835
122613.325573337599
28281.346365909903
85198.514368812306
29481.962098348053
38188.607543706661
44686.013904661224
27759.112687119414
106646.119894980962
40731.895684442978
41966.583377386247
106578.530773033737
53157.469119371402
76767.958083120189
96686.214012240103
47475.255382201329
84596.806975865955
87845.784978342082
109631.757000704543
20112.476168281857
42096.394776755566
55879.059730451132
58850.900780994009
51599.312938360810
37697.157074315284
82747.212566138522
18126.506289266403
135346.645858561358
87117.988028562540
155692.312193213642
55294.543977303227
83581.689427701131
129767.010833994718
131065.963225050407
67891.911639177823
45250.997927482807
70534.701659185157
12944.932529116742
17315.257509395862
44684.983069571761
55378.672521626730
11315.119140329409
102698.854245405091
117433.427463982051
76806.234959129448
39662.310874905706
86231.757931586777
144734.770970875135
63555.869347961634
88668.311054918318
134459.380175479746
118986.228193222472
75084.725808723131
123276.095726863481
104124.774768516902
26286.562530582236
107098.410191812261
107756.628018129908
103020.293971787978
116062.475395445697
37246.722500960590
34040.901730897400
106011.316219428103
135583.186772531073
18184.861054831865
58048.254657929800
153260.672113106499
70272.429672491140
100245.456974515124
90792.027688745016
47654.070964052713
121803.317090860583
60362.823045462079
70835.194996501028
120707.170534128061
67325.587203490708
42444.818240288434
148214.274872621580
79268.665835377658
147117.097832229774
57322.663110234025
107937.361995495245
8459.680697586595
57617.311921661378
93866.404871606850
132138.079803689790
108686.539443592483
97171.174371525180
38952.282319516373
52730.195012510660
48682.119760027432
67611.643494566655
44083.208914281502
27759.112687119414
78736.184805851139
42133.392621341140
134190.381304516108
66844.714087981236
118211.545565165536
73693.656317336325
50050.058961190531
48811.479457528192
113835.178603834473
18984.195606692607
70799.478405239322
58840.316805743954
30300.032825342834
95060.404907422359
52427.577466382922
70826.731483269134
75084.784369112502
121367.457359321037
6553.362275388308
48406.162261336103
52262.500958270444
40774.235009996613
865.508776063988
72572.767030380404
97702.918532954078
68959.398642928863
39435.365382961478
124301.642128689869
94111.142451154563
12621.139046286753
47085.048294675245
120478.424795350889
90792.027688745016
52281.206843796244
97201.101101543449
76988.299924029488
89526.936047079580
56526.844915647584
113732.396990524066
108686.539443592483
145295.725319601566
15393.804002589986
78338.000427678213
18249.062925752598
99266.249472328229
84132.993660463238
60790.603245125894
147527.683048102946
53766.114271436745
137104.537508870213
18367.007289947367
119458.527174754112
54815.170007761786
41182.662097021690
85847.732050658975
107453.572657839657
76200.916802923792
14400.381460779157
31147.046097990689
99981.944515963274
84876.167061062079
24663.596725782270
72913.422732143590
111272.768329197672
7789.840783963690
84642.706177008222
92812.898499912102
13978.830671413141
80531.978781202459
82494.273652503456
139919.154048153432
36957.695976830328
82216.055703098042
29280.997666221352
33957.125926801673
151644.258509758831
115403.503571191104
81893.305390136360
89615.815399241008
35499.996985564663
122880.108931922630
120099.242212445344
25190.373204294541
105922.842306318591
121550.586161855434
63783.787061760115
58884.815901685717
110711.688607912802
23473.688066445855
83500.770892721237
77043.095460781944
120493.060434810599
71476.670241068234
78608.033780222773
93685.550877984686
25550.343179012594
50099.994444419652
57621.182024178968
121685.134758850181
88883.195992423862
81688.589776542838
89220.284580602471
94982.031110206575
94699.316992480934
97186.013252954435
33466.308081512478
27381.708201234218
118569.092333884939
111132.412124078211
42218.118342341237
48464.225099189563
95383.648951537165
106169.495409536350
39307.360882291679
102031.346233915392
13918.338763214366
136703.746050252958
99667.334934415951
97829.195232786180
115006.725730914332
5572.399969304895
2570.192389772167
90396.496023506188
47500.880922277669
28311.797374702193
47569.003878766045
129532.494822996669
109246.640533832498
128268.372052749823
69216.734773423101
53141.217832716444
116860.103723927925
55128.394703223821
47098.757062618177
29801.147911952776
81064.719044379206
21124.069002737768
74806.154301440038
107150.424646223386
130897.220999333324
123086.542284407609
65822.649278013341
67317.707749483860
65450.265828807838
72633.265151830827
12830.264397260715
89125.828054010082
101938.891222529215
26129.035872861128
34644.517139894822
45257.783767614557
99726.311828760387
110768.368175371332
44406.746370476154
22356.246521370736
82105.728001092211
72452.437934683519
57849.906592176405
80011.324529487814
108802.693463865755
27019.791215974619
93141.938993630189
27790.790413043105
82616.892300107342
87847.235954259406
50289.022278446690
128499.300010300780
104968.464538068962
71513.603033245818
62348.939336193376
141416.549306591973
119175.520193404751
61050.624202601022
91040.737107154215
110210.713198560159
111631.258957557293
45386.981765493438
37924.090413753947
92318.418811686293
94523.042964008317
45975.033536526447
119539.654587365119
33571.642534896193
132825.724912917765
153045.166324353311
116724.171771003326
71188.489530344712
40760.319617975452
89611.222174119903
83005.828296266176
72588.954415448621
19145.763228877226
94206.624743931767
108532.315804234429
16292.048174104380
44125.015216520180
111831.538643433159
66024.361192530050
70318.617431150749
129652.998906456167
123861.688597492626
82940.296748014895
64303.345618306194
103224.769995866998
56591.471964521435
62466.409429064770
109740.718311797056
95137.398860710338
36688.249611564301
106025.546351866127
60751.635413172706
76573.964736761016
82081.693871928583
107830.833231947603
125173.900432970549
41270.725699090683
141025.110106284439
163165.107089003315
124576.715085449658
133798.299321374361
79074.866288565303
116421.525241545256
31879.311452302427
74888.096965539691
66374.973765748786
46197.311531565567
146839.999024207355
28989.740283795374
58229.705433618954
104820.220634727695
13859.707189975661
62729.526911078938
32621.269957280692
60787.782448905244
65483.357271425659
78743.147197602171
17881.666131552782
77585.146172178967
149868.074686106411
73775.452480900014
139716.844112011313
48487.228815767237
68306.331624922328
81940.321107885480
119646.831229047195
127570.179493646880
123944.398164081678
80428.374291474829
126930.512896710381
144370.005440126784
77610.428513057836
100789.889852251392
77255.761742423041
66297.201128304689
168022.258776263072
42740.100391895583
67322.236171326877
102468.280384587080
82163.480969488912
104777.468527557867
114182.624891353931
67604.979510149948
37028.826376534242
125018.921334137704
119802.944217833297
142948.504577547516
25952.588580524127
89804.664387629906
112334.975711961437
98179.936599266934
70117.164547568536
72408.905876480421
69346.957729980451
48772.905376302595
111249.159558389001
4087.735641095919
74491.906262662276
11309.733552923255
92676.983280898901
57588.971265267501
25997.635345350111
143922.311952292075
143365.254296338710
24942.348858844187
66728.490559762387
81123.919096988509
80670.570141115575
97034.732802060316
90457.514913534586
118683.592810960617
136582.656220092846
99960.451688981484
150760.543456269050
80590.742864541186
111794.752675237891
106044.404906262876
109614.202150103025
11187.996837596651
82179.494228594674
60547.155149897313
124092.670782573186
91106.186954104007
118532.290819942893
72732.058720808491
111471.003951658058
129812.378357684385
74177.037017610157
90014.707906456810
126249.934902854351
102264.690736530305
97582.158776318509
152565.074276491010
42033.331607786335
31613.694860526339
21915.750351442395
49756.174848419425
92963.017812025733
1654.048532115026
103006.539925902136
51435.140522267335
41100.000826905067
43228.314913395552
90167.271788871338
26746.877254166171
32771.369766282049
78666.127796951012
111619.120014514876
45249.448929962178
96004.463379048277
56022.675394615238
36859.061822574222
97292.647456699022
105058.619979877898
33979.466141227203
98720.734347979902
126601.266664210852
47530.545797170584
108700.517765961282
17512.611897895451
122274.477449082697
32361.297904155806
98248.074253264800
136254.196224572923
112930.831118592294
57671.328989345981
65320.399820232975
6383.716272094460
76920.404659967098
80512.374034739187
7853.981633974483
27873.946165957212
104006.216374430645
135517.687607738859
78748.264354430343
66580.820305079687
