100 77 58
73 18 65
33 49 73
86 86 17
76 74 9
55 71 95
44 89 76
17 27 30
38 85 57
45 78 83
24 40 48
92 33 96
74 36 84
79 61 77
59 45 73
57 48 41
81 55 55
21 45 44
40 40 10
43 30 25
25 73 78
63 57 95
60 90 66
61 49 91
44 27 66
57 86 62
53 43 45
52 46 40
37 36 24
47 49 76
88 70 61
66 66 53
72 67 23
49 21 40
79 73 57
37 46 13
67 77 80
86 96 71
5 12 12
71 65 53
17 16 9
94 64 59
61 85 59
48 94 73
6 60 55
69 98 90
88 52 38
42 11 35
66 45 63
24 27 28
13 2 14
35 97 68
20 39 57
59 53 27
62 32 57
99 74 100
20 81 91
75 7 68
94 50 63
87 100 41
67 59 27
72 13 70
50 82 78
66 31 82
69 37 34
92 81 86
81 83 67
48 49 50
30 91 77
61 65 41
48 89 89
86 73 68
56 31 31
34 77 91
69 66 63
64 73 57
26 100 80
20 26 19
49 47 11
65 47 84
74 25 56
80 67 64
78 87 60
98 64 96
59 49 84
71 81 30
47 19 60
56 17 69
36 58 94
84 95 91
84 44 45
49 49 41
75 74 39
51 29 34
22 28 27
84 33 60
18 59 42
4 57 58
23 42 29
87 88 97
84 55 49
76 75 91
45 64 52
67 63 43
96 20 78
63 96 68
51 93 86
50 57 87
91 80 93
95 21 94
79 43 54
53 70 42
73 41 39
35 73 40
44 42 4
58 50 77
43 52 46
98 22 82
82 74 17
80 97 93
70 83 50
91 85 16
89 69 26
16 32 39
96 82 14
54 82 88
52 38 16
11 59 61
60 52 94
44 47 36
9 49 47
50 64 76
44 29 72
47 64 92
26 84 73
79 13 74
72 55 81
73 34 82
92 74 39
92 41 78
36 20 41
25 99 77
55 90 77
15 39 28
83 80 45
87 86 58
33 37 67
90 52 98
85 98 26
71 30 86
52 52 48
75 90 64
31 35 49
1 25 26
52 64 42
41 68 46
45 86 43
61 57 35
48 45 50
47 69 74
18 29 40
68 8 60
74 93 52
56 64 81
77 77 72
30 26 49
73 66 73
85 29 59
61 72 32
36 36 38
9 77 78
92 99 34
33 50 81
88 60 47
96 84 54
66 87 55
59 64 91
100 45 66
90 88 69
29 34 21
25 58 63
71 70 49
60 22 52
58 53 68
83 40 98
76 78 55
48 53 91
62 59 19
81 47 98
5 33 32
54 36 33
89 81 94
47 96 89
25 61 56
56 81 94
51 53 28
66 23 59
29 69 80
19 18 6
69 89 23
68 15 76
25 39 48
46 83 86
96 95 4
17 70 67
58 58 13
63 42 88
77 19 66
80 19 83
30 11 32
87 56 72
63 71 62
87 54 60
77 82 91
51 29 22
48 31 35
46 71 26
100 89 100
32 38 66
63 52 59
51 15 47
62 98 44
54 23 47
4 18 20
86 46 43
34 25 43
43 57 62
14 48 61
100 86 19
90 90 28
43 79 54
41 43 68
46 68 39
90 71 82
99 30 84
36 71 48
86 46 95
94 53 61
94 49 53
47 66 40
89 99 28
32 72 78
45 82 75
26 32 24
11 49 40
53 27 34
76 45 80
60 81 46
59 91 91
96 73 44
15 20 17
57 50 60
40 52 26
32 46 15
88 93 54
23 91 74
75 96 68
100 71 32
67 51 38
26 61 85
77 20 73
86 76 90
95 97 33
100 21 92
36 36 64
36 31 47
59 58 67
81 51 48
55 37 26
28 96 84
51 68 29
15 20 29
96 72 99
72 78 57
85 83 3
88 22 89
36 20 48
96 92 5
55 99 96
83 40 47
90 51 59
61 64 15
58 80 28
30 58 48
67 66 28
66 66 51
76 87 76
45 95 59
86 78 48
54 99 67
22 75 53
71 80 97
24 71 83
38 89 81
77 62 55
69 12 78
24 47 30
76 50 68
37 18 48
73 68 97
36 94 87
22 30 40
99 29 87
66 83 95
89 70 52
67 47 84
59 40 72
40 42 72
76 97 77
65 68 78
99 87 35
43 39 74
73 43 42
54 55 41
55 80 53
18 57 53
76 23 74
57 52 29
82 40 48
40 56 39
75 81 80
50 77 32
45 42 12
92 83 26
73 72 67
99 91 30
29 72 93
80 72 92
70 78 63
95 71 86
16 50 43
35 71 82
79 51 73
56 12 63
57 32 46
80 82 71
81 94 86
44 41 30
58 36 77
91 75 31
94 55 73
68 91 27
57 46 49
63 68 46
45 49 78
56 55 69
28 29 42
91 36 64
53 58 58
79 29 69
65 75 54
31 64 64
26 59 48
57 90 38
17 22 39
79 63 34
85 41 57
73 99 33
78 33 49
7 21 20
70 85 54
29 13 35
76 36 50
8 91 83
82 60 45
87 17 88
88 18 76
95 83 19
76 40 80
47 68 63
33 86 82
22 74 69
79 44 56
44 59 73
82 5 84
79 58 40
18 18 31
82 83 58
53 36 38
96 73 79
75 97 26
65 57 36
61 34 67
8 75 77
81 54 95
50 46 59
48 58 59
14 93 89
48 94 59
41 17 57
67 52 74
51 81 77
80 90 43
42 35 12
30 40 52
36 84 69
73 70 46
10 74 69
81 87 99
69 55 69
32 59 34
51 56 61
39 47 58
37 29 64
70 88 29
56 67 61
76 92 35
20 90 84
42 60 36
87 53 66
30 47 34
63 74 84
21 94 99
27 66 78
12 32 30
83 67 38
70 31 67
77 74 49
67 45 78
74 96 29
63 75 87
57 49 36
95 96 45
37 99 70
47 85 50
59 87 100
67 38 76
80 89 29
64 75 37
91 77 28
29 33 42
92 71 48
38 16 37
12 9 6
64 37 41
51 46 31
39 91 57
53 42 29
91 14 78
38 90 80
93 69 74
93 89 8
29 63 43
85 81 74
24 53 66
85 87 67
60 3 59
10 81 73
54 94 74
79 66 88
70 59 63
97 56 80
90 18 100
25 48 68
27 22 21
36 65 83
76 30 59
93 94 43
27 53 52
95 40 63
52 53 68
64 55 31
65 96 58
64 53 37
88 92 60
58 25 55
81 47 89
59 25 44
9 76 75
46 88 58
43 36 45
46 43 52
46 67 83
97 97 46
32 62 39
35 47 58
45 72 45
76 21 85
79 96 58
41 33 9
77 83 52
89 94 84
43 72 97
93 63 40
54 28 69
93 45 54
30 83 84
22 96 87
57 25 44
37 43 48
15 62 50
100 81 52
67 70 99
53 38 91
95 83 65
81 14 73
75 89 38
79 99 91
32 37 55
86 14 92
88 41 53
93 97 62
47 27 32
63 25 82
39 6 42
69 100 62
100 88 50
38 91 58
80 97 82
58 74 39
26 62 47
78 74 96
89 90 55
11 93 95
39 100 69
5 96 94
32 79 81
50 77 48
45 56 23
82 24 80
58 67 38
56 52 57
53 46 57
89 40 56
69 61 52
98 61 61
27 7 23
92 50 57
60 73 83
39 47 23
56 93 50
87 62 32
92 63 92
98 48 63
28 70 43
62 80 38
77 81 9
59 61 49
67 40 100
15 71 70
24 65 79
60 26 47
33 15 47
50 77 98
67 81 20
42 32 28
88 22 84
78 49 55
48 42 12
75 78 69
38 40 23
59 93 99
67 88 89
28 41 56
70 82 17
45 31 40
53 25 53
56 56 15
40 47 7
88 56 70
47 39 63
56 37 37
82 60 88
62 25 73
77 67 20
70 66 90
51 49 51
75 48 81
81 45 66
22 93 86
33 33 31
53 25 73
41 59 70
46 64 51
63 57 14
23 54 45
73 47 86
23 34 39
90 91 57
81 27 89
87 94 92
64 35 55
60 79 41
94 58 98
97 51 98
51 64 69
36 60 25
74 13 84
32 17 18
31 28 34
42 49 64
43 65 38
29 23 14
86 37 99
79 76 86
36 73 87
56 11 53
82 41 57
85 100 59
25 71 52
42 78 90
92 67 100
97 39 69
63 77 19
99 81 20
80 68 73
15 45 44
44 92 58
77 91 28
64 79 82
85 82 54
33 54 29
41 36 63
58 89 60
91 100 32
21 38 19
49 61 54
95 97 62
73 64 22
88 56 50
85 59 26
46 42 84
50 98 60
44 54 96
59 72 35
23 98 77
73 70 5
58 25 38
98 77 87
55 79 32
93 89 75
31 62 81
82 92 17
12 24 30
31 67 50
84 63 43
92 90 49
93 20 73
54 86 55
20 54 58
61 36 59
43 45 88
50 62 77
58 39 33
47 12 35
42 73 83
47 42 61
97 98 24
44 72 42
96 35 83
61 52 93
62 46 28
42 47 85
93 65 51
25 37 28
49 61 92
33 61 88
40 32 60
75 79 42
22 62 74
54 59 86
60 71 48
96 94 13
22 20 7
25 58 75
40 53 82
56 46 19
8 5 6
51 62 89
88 53 41
34 71 72
56 22 36
56 96 77
44 84 71
31 12 30
59 58 11
96 48 76
85 61 24
63 62 8
84 85 14
38 75 73
83 38 68
67 16 56
75 92 41
67 93 26
78 99 76
35 20 15
78 24 75
38 8 35
88 86 7
31 77 99
65 56 36
79 100 75
62 46 42
76 96 74
21 35 40
79 90 53
66 49 19
41 45 66
63 60 99
73 84 58
74 25 97
10 33 37
23 45 63
39 89 58
81 76 13
16 44 36
76 7 79
84 70 72
24 19 12
28 82 59
70 68 76
33 19 20
68 73 40
48 81 35
79 100 60
21 50 71
75 56 60
45 20 58
15 50 63
96 89 75
89 54 92
80 21 78
32 84 65
52 11 63
89 67 86
77 87 67
37 27 58
49 90 66
97 44 77
50 51 100
36 68 42
86 57 88
8 43 43
19 80 91
51 64 95
70 91 68
65 50 78
79 22 63
42 86 54
9 45 41
34 63 34
12 67 74
75 83 86
84 30 60
72 45 91
84 22 73
79 54 82
86 43 59
76 57 93
47 22 67
33 42 38
95 58 63
94 74 22
44 38 81
25 57 81
43 84 77
88 86 20
53 30 51
81 85 29
33 11 29
100 88 39
42 89 51
71 83 44
71 83 81
18 21 4
9 12 17
46 83 61
33 59 52
39 38 40
57 47 38
95 79 57
88 73 49
85 95 44
66 53 62
65 58 8
95 29 95
66 48 23
35 61 32
42 48 12
44 77 67
2 41 39
64 50 91
45 90 76
93 70 83
96 39 98
66 70 17
73 42 37
62 48 75
69 62 44
30 11 41
69 61 87
66 86 51
44 34 23
52 34 26
56 58 12
67 81 62
82 78 60
59 23 47
41 16 42
80 23 77
52 71 55
28 65 71
56 64 91
93 59 37
46 36 15
68 68 82
44 31 36
33 81 53
15 83 87
59 29 71
79 86 82
90 85 14
14 75 76
70 11 74
91 89 70
42 97 67
41 66 58
85 48 42
44 89 94
55 93 57
59 34 40
50 45 31
53 84 52
64 72 84
55 59 13
74 85 78
42 31 70
82 95 58
84 100 76
27 96 83
61 47 98
53 27 63
68 74 58
64 56 99
22 76 55
33 39 7
38 84 80
67 79 88
36 12 25
59 43 21
59 87 83
70 20 87
74 14 81
90 74 83
95 73 55
24 81 67
63 50 64
77 72 71
58 43 72
70 12 74
93 58 45
26 87 63
54 14 43
47 85 98
27 68 65
75 78 4
79 27 82
39 91 79
99 22 100
54 48 25
99 69 83
100 86 90
99 43 71
91 76 84
79 15 77
85 61 98
48 21 54
77 13 74
29 72 58
43 44 82
84 96 77
8 48 43
68 18 55
52 91 48
16 33 22
35 68 63
38 40 55
48 59 71
54 54 85
79 32 54
30 26 45
47 78 42
100 95 49
75 32 68
88 82 91
55 56 28
56 52 93
44 77 70
54 96 65
87 81 73
99 34 77
6 80 75
64 90 97
88 92 75
77 70 18
41 84 98
48 68 88
31 72 55
95 96 89
12 58 57
32 72 60
77 81 48
78 68 29
63 76 98
89 90 24
22 72 75
54 11 53
96 70 58
47 97 65
87 86 90
30 36 58
83 30 80
41 93 78
87 25 90
54 62 75
21 74 85
73 45 45
41 58 49
50 90 82
18 13 6
72 28 98
24 30 6
85 83 7
66 47 36
43 36 23
99 87 57
79 93 90
27 38 53
23 72 68
73 80 11
65 62 75
66 80 61
40 79 94
93 50 87
94 95 41
37 89 60
97 86 77
32 80 53
88 89 24
56 90 57
38 90 95
14 28 32
50 76 66
53 58 62
99 22 92
85 5 90
97 91 8
66 76 12
94 40 62
92 77 71
53 60 95
84 36 63
100 28 83
78 87 29
88 52 41
92 96 70
46 45 56
44 27 62
41 13 42
55 39 68
86 25 63
11 6 10
43 85 96
58 45 51
51 44 41
58 56 6
19 83 97
45 18 44
51 5 51
59 58 97
89 74 49
44 53 49
80 69 53
41 64 49
43 42 53
71 80 52
66 81 76
52 35 17
68 77 70
92 97 23
42 53 61
93 6 89
26 37 16
69 98 40
37 46 38
79 68 63
96 87 52
40 94 72
53 60 48
53 52 93
20 19 13
46 66 99
7 80 78
25 13 12
46 23 38
86 47 87
85 90 71
65 52 94
51 61 75
