93133733
207961584
63618803
243137120
932367304
572365444
417478045
798488054
218412620
588081019
582773907
673602631
214548734
461096340
865684014
292298501
209493284
62707553
270189686
385893086
632989920
273411342
910165963
261968886
869825809
851112495
497728114
334123675
174980732
881261108
368998934
767001580
907179633
955474645
980322437
559651993
677270356
150805087
332592903
703068576
449792547
570296273
513556443
148394333
905991231
851373857
452546161
546235510
292061905
774354287
755682010
952592441
524053350
156441655
927872206
688546574
424822080
11486147
543152481
258576577
314547715
713844822
31216145
958442905
754402733
484986073
391654957
572461832
224743557
591303962
554403667
555626741
532289515
934946415
388286546
737287782
492809549
749079577
201416451
435071898
370856495
98300244
937092927
9287818
926639999
964389404
420701969
531069465
843131857
861518173
340460346
918105875
920953624
264186081
443570247
732549783
13801794
646730676
620074797
945009612
995783848
248351325
960537960
610048772
624094268
817101797
89710208
281798200
127080916
957626366
441377207
215428353
504451645
930446732
837931422
654118135
207217256
301683879
672964127
151131282
46123997
267352967
322677659
194514202
409131441
245333311
189631795
230617209
321438948
990475761
77030825
156663398
636367918
312134805
630051821
541320530
289226929
568472085
535456423
487803987
901859924
235128108
275241139
724842110
341370012
890808133
437850632
739547048
278164939
984051729
672218785
133635418
658542714
104056292
899409118
57748450
246603094
879408480
398599742
818771235
133178688
824643719
350611324
251805649
558701792
477326856
724507414
109604734
839408502
839163715
415174167
161779032
590503033
468159925
596337307
250180211
615209196
793316245
317107791
683190613
684214104
740321745
304747382
833664730
593475536
450719626
883635820
768735044
761741954
343935466
445298121
187087483
839541515
928388650
655871247
949305436
966907105
892263698
831138607
211098838
244281549
842936896
582952307
198063464
242213216
821099710
795559383
883505576
384174787
197477760
528943636
624979476
938876679
814345893
989389807
77508754
652825383
971481143
93062107
982763444
690001100
422561520
639835136
311099649
19967568
594921492
271800859
92649070
734363179
121715449
658735135
579935617
274461477
465619780
326956238
905831935
267719574
821943658
373029517
239002761
285391551
240619698
959240827
104589909
572651827
60957715
13039503
918886107
907171786
364131568
524834012
384005903
899010809
579705146
461233161
307752661
816221668
200138416
321694772
982787109
167459969
303448758
510224668
465644337
979830268
309812528
142147437
712756647
363945765
80121727
194326297
629827695
480674328
465312368
676051780
927494148
713282436
780447118
227989568
977683964
619774999
362143067
436893528
555990277
982473185
864135920
219903045
729890632
962919775
14697892
439080841
892887894
506217598
781367947
939732113
132646232
810759708
559131050
911789869
203018613
951303099
892123469
104397102
856131284
946270306
634262891
353637767
644829347
677099471
556740857
15030835
356347322
550168277
180836995
507075554
963178389
415019840
281461475
805430236
58588235
678694222
580527187
199638337
974002963
301986404
474147393
610333200
43236954
896616357
550438897
45957759
653254408
575205444
655268323
743820134
889643444
212167427
814183878
166316981
743296673
418073426
664204826
652281564
506018267
717484961
164297111
528935470
231734948
756949013
183549590
450999190
21545632
184395980
499509185
31650556
396429888
291607498
207683414
656286613
605128380
745093171
217693242
740756203
132050547
452611263
999167070
26172350
594415980
405699037
252472933
752108670
589434446
465962166
605475645
160643338
510135350
487594344
430562008
796105421
598309114
510655416
994884842
301964648
78239913
794999617
680244116
314480852
45542375
553636677
516389976
683063436
530534116
529639093
179959118
424411554
371460328
813793286
247935391
854554733
464078718
922717609
238113161
674004363
97152517
676156409
127351130
758260736
706419506
329630383
189758992
890582112
721190473
500750497
606223899
500684836
419528464
764348155
562451214
392627543
597284888
918234305
58835848
807160319
128690452
369289503
6561382
141412260
357127957
138912218
20513159
78893895
835787527
537304726
404566690
470402485
849760621
822173652
305988312
911519544
977351826
188469975
70932188
942367521
312334208
408960606
406440235
779941818
276364225
942020838
128978086
5162495
864794906
849582113
209296472
438214871
933231069
24712979
470161900
452911855
534945358
245751436
444507059
142137081
226446038
138286988
455887498
763971622
99206157
227431376
806621421
622363051
329584333
714581821
640228615
107773155
763550596
626174588
325831080
14210608
725090470
487240505
145566550
462645104
818536826
83020334
60287827
600408704
909272953
731810992
312639913
761324577
265619190
319929916
793064968
151188098
897071193
40760767
88320846
281279390
253644536
377888419
481041762
248364874
777620723
328162903
7442516
276277022
745020947
174434714
105359128
919636842
334634139
130901586
110391862
728263446
652817311
661952119
850294203
574918550
618676753
560830655
408687447
255721213
672814869
102639187
529573953
955452370
938069424
682553198
615837247
474343547
47290606
63260900
792830657
501509505
686758061
713440620
687605738
271123124
349675447
57238881
562105420
644100741
157781629
454689365
651573845
859732924
833433186
498186218
940011285
659480555
216163950
577298976
197405391
425803980
743269000
564398320
241140827
216055001
567002777
739105485
472915892
211318505
492187257
882170401
878468787
609848374
919462459
430234041
70350227
81817481
100968767
38925361
688927511
513400849
209654297
138474540
960586251
300065297
729076783
389522000
537388218
794374972
499781133
978650681
919512138
624954461
354325421
367530476
194394461
70511094
654672234
422430553
985085702
887330471
813577536
206617709
890255846
706544291
304653367
539104723
566198799
730240722
230062852
435720326
66098154
26409684
953544027
395275160
554703767
642649097
945181859
134562544
790629132
296627478
599944848
710533152
776667144
559258093
652589741
674676001
845156056
867983330
962115087
52748842
571501755
347959324
106428185
387066313
919046534
96664900
644418345
362263767
145901125
241985240
151825107
441706151
781242088
150262585
370585348
707589797
480309378
189026044
475602705
545535282
717202135
782783701
48001520
90195260
856322428
559281734
908583411
61560682
823935809
985932936
749972639
549109090
755921015
27020462
377958534
682151310
69140955
844589064
476643636
777452076
176969640
898154350
564075505
426676654
368979905
459208009
35486700
450070143
612178883
16046483
609061722
20213017
465000321
871237752
427724104
640069683
400061563
643110866
848410177
314528891
667925292
242123068
819277742
265475296
275643625
357726258
53759573
721571194
977967937
315401443
989215145
149562642
520821819
383024251
643815294
19453165
897390970
823222502
81343653
195002421
614276440
154418171
458407149
147014462
455565859
977212319
242731250
677439625
883645345
614332786
793963765
537443406
666090278
233754797
337029498
471549555
488690728
634395458
830038327
591673813
310235971
894779575
180259130
185932435
759668562
286990638
749110333
80803184
904841641
709329442
291068262
727736549
407039198
902271742
558562853
231041915
504460709
814605437
623924074
523013105
493284735
700534052
172115367
337501253
18400104
334609798
538555324
574251522
892840374
817269415
930892412
131166161
970182405
188068264
413314261
533307542
192709760
571691226
467109929
417567944
716342180
84821818
268210633
220420311
543718005
27774
641439178
844686972
565440771
11193581
830076226
131919437
140546698
772483993
404110874
911279258
680154623
907652156
802335004
237826813
808884099
128650860
653217209
62821334
900692582
940673392
33472206
703860977
387817593
711777304
830061058
413726571
11272959
272088774
621497974
369322316
624238550
491857339
313042747
446540655
537714880
226768118
381320040
856273501
509554108
890993803
728438247
625890368
145870720
73154282
950647888
294950570
408001413
968964188
334627064
470424405
594580567
51166771
320238419
525035550
357739099
607973179
264456378
989788995
94415630
652384305
959707156
342412155
259852001
216115915
267080146
135763719
164252069
644407019
980953160
217245372
784086467
642431238
204895924
887893255
892106508
583677127
562940470
23264960
730755745
828193712
615047021
36614926
384744852
747563041
975301144
485156832
413685304
829986988
176899338
265971506
833775146
498607089
243796363
540992541
294700091
577897962
403213183
623483462
161296283
172346875
935531892
419942001
402614955
897162329
820292408
979950011
644219993
856105478
70887356
735591971
648249123
545752281
774765443
911585351
157364708
920089057
500695563
486098538
419038909
845387609
301281377
528606844
13748250
303133849
700351139
591407188
728441366
343928688
894935313
621896035
371061292
353227697
568893982
660846136
372087637
173692952
686011638
147519205
396474420
195114925
432304082
952995185
199001405
737040313
835421304
130151644
387822584
132936158
236257770
29417119
8766075
828917775
631027253
521619623
496418020
785862934
612716662
426078710
832592425
549803091
75365296
338206231
800584629
764189135
774227815
227587774
646349252
318614072
899964359
789864565
721843666
627798262
599480603
111551117
43415796
994096174
450847371
870501500
430946927
520023683
393765799
910031511
200069706
613360363
308555480
862018779
71971493
689664932
429128011
161613594
620301786
386907182
632745713
300371178
14330155
476229236
435244017
522752264
96704885
771637998
581627689
52120823
93664824
72856388
834155011
888195819
583318294
844985215
407793683
292538683
238398581
420655039
183290443
253278727
146052944
511900288
680127195
580627485
749020412
762311332
795787580
640831791
933493966
451379821
200976851
594716627
171774200
387465088
120118017
868057451
823274886
855122594
185643291
687541295
339055223
831952094
968033491
475991044
429026865
118273051
794367929
206580208
31160508
85084146
950775468
253569622
918202191
32209194
529182525
418902797
359783381
307533536
915972363
508530277
55141872
471533439
464951622
698659004
920151550
392026311
683090100
52945378
994082821
711340054
477143786
959415222
159663248
720055704
902003992
906245387
945533658
55421539
749067173
793784570
413782407
838021946
678833370
498669598
143851364
928597723
666513046
254325107
678470580
778982502
577174178
261437822
764719911
883733444
357914921
556295333
655662921
519714998
486530425
274929423
965217694
482036216
286510159
456097152
964356649
359965435
452691619
190459418
611439207
162527172
354120541
900064271
18834303
351103992
397683644
13200033
444101157
853998443
506105808
388245124
778719700
860921066
647770141
542355243
568543554
681784079
111338412
101346839
826010846
846109094
964930236
949135051
125600099
175783627
638266840
209808271
261164362
878610706
30165696
541440167
680314650
974584251
111100188
826915939
728879280
637382211
45422772
433302432
959059402
33552994
19805581
385847152
766134503
935187710
169797872
357227351
819863716
904288977
649216844
759849673
673326209
353534293
739878926
584454793
738224055
595739284
861702778
97533585
288618181
493118314
889555218
662038804
339890557
352400069
876627718
118413140
716620484
702967070
975318770
150806256
399443639
647223347
774145657
693057302
598053162
731557068
562350977
139387617
271380011
188550868
188640624
554648153
210282995
892604628
726192612
685040775
430524724
170477774
890853636
54513740
550739092
502250552
490608989
277046479
314388136
623140870
478515128
785794158
822568973
275930496
626631889
922033840
555301670
945413057
770013500
133090174
52472389
88991856
695848665
353066394
725572908
497872187
870680501
259190660
125351169
179419424
767562943
155085764
173191894
968758367
563932500
448644383
585055011
570311816
347432773
240484460
576490673
660911553
4490464
865494177
782986918
920425327
139254034
823602064
830072936
654273134
239990314
726735943
77813628
407122920
499862220
350511986
147164896
64833987
436015864
327124503
474255711
280256683
98235344
7567270
42340667
913670338
252482350
63514199
954717769
443282992
230082584
495198050
207649898
968546959
887372066
686261975
817541326
178592497
87439995
76411407
478494702
867383948
364556547
154521868
164870628
761679368
375896522
771100484
995915149
771806925
990093697
232665922
973401002
74325434
600414474
819546606
812839270
614637411
17396641
58530520
430609383
856139893
281277364
140953333
748260511
85002199
562183973
997325710
502841032
132945590
573936805
699422938
765276332
107724512
653649241
650955792
529330512
431425238
820042113
813355804
331915818
93811010
394008746
814922074
737787628
835033031
635122639
856221571
872587724
311583101
144363644
580147426
518394207
319992021
434728632
513252992
14631940
139895160
21963105
584013325
136040163
75163761
460972886
215546666
808481750
450454158
383101109
51219415
9074874
821815594
139696312
593064145
460441443
728944367
676242828
876020135
772057830
700098618
812593216
978049591
410767394
304911068
428067739
757815361
307991630
181649763
315159212
25558695
95578154
416485714
580163386
300822420
929643910
767917122
494924841
4637486
762754849
183628103
462488349
344827764
655762800
208865827
933790738
446371795
236482473
534469573
6874650
941756678
686451772
966274161
222487870
605015502
492892813
541548990
702433540
909503665
641298836
675503981
797027957
993814481
411565011
601925856
395550448
964362384
753200205
486845244
83504668
365736843
214288307
963605108
211795654
720159157
203872001
196999749
426200264
9243677
445293529
358370660
377407093
617498694
47695617
993377711
28438782
661513130
906267390
306364762
721694511
811607705
828388745
137125131
83077069
977974104
50250670
935567464
599156554
470224413
1563463
112523086
88601092
625711861
921588221
529186450
341589152
210881603
623976721
622689911
392223968
142203241
732891807
682939219
708190380
21035198
885908175
42264133
781582248
692397096
632194990
635681218
29313589
368441567
760016007
856576859
783513562
217634713
773545779
995810899
894288430
949155130
874937508
280204553
556815270
94040462
135265426
465383275
686796909
43133834
107654271
622284796
493179643
798202916
626623129
492834643
875133882
111058171
434913143
180889843
719128102
900711716
16955985
348967335
859451366
110785495
883286326
789249988
68134646
773584751
254073059
744167835
353292367
525951248
443431340
918233648
114660969
751800431
301492168
70831143
563929102
869806668
371752452
188753228
535922957
336298970
970005163
251172406
952064296
310415056
967640215
707340353
370276333
772710132
728114169
700538325
875564561
792640830
183388340
47066317
628447371
102717569
49442516
560701340
848784347
557250781
227668831
698050462
150549531
445543022
951908023
81001386
69934666
305473683
927816281
296375845
969113856
808493954
940221301
859327234
627306048
609616820
203934132
983347999
689147223
545524662
815085811
928943935
559581532
283740078
994784474
621129470
237507997
430677761
395643415
625961307
841153768
957866881
108960449
334399573
974272094
43529386
41331206
70993443
218695507
166974543
752435610
309759923
134598505
245207926
545545491
53156597
722201755
370623407
949362446
456823828
726289039
336350634
983008133
271480913
324917249
815405427
827370986
39190371
144256629
296393696
344686302
636375452
150175256
485348383
41629180
740464229
391566137
104970049
559442419
369479832
979021553
845336708
136348606
271655981
711945613
943954875
634649364
410766663
171822340
635185931
74010785
153247588
142192830
835145910
560461789
177149979
711986439
231595489
928939400
844778799
707601437
880543654
157144043
681981364
918640415
82911374
770975242
552701740
115780623
225699278
879549510
758401359
99498057
81814152
163278992
330766865
427989061
450629143
177016759
423477346
823844364
35441483
865172480
393123937
343616305
873670237
556576785
554202555
146672535
845511928
457602833
835243619
243497836
784493659
165739513
876442700
554102888
290981066
512132598
67809783
416309543
228864154
763790821
78137667
413910456
489693148
888902316
138535944
653138762
889880359
121976649
239993017
750686718
217390499
13720796
882388822
156259595
520174206
299950402
279171494
348360278
154991688
998566389
502165334
290906763
624546557
865354588
567081070
10150539
443485965
118265148
677156551
668965481
839949351
363032273
790822431
660760317
395649567
69936460
387540665
725131212
368869259
9002580
634230575
614402907
637611121
46118804
657867726
439077825
879966205
113817044
433037923
787461359
665096679
695025598
567405652
659923293
698068011
849888296
909826153
954515107
981338920
190101392
787882647
737651074
154447858
342276405
792340896
98392282
742577861
124269179
279557902
919129216
791442707
715353668
960904323
339948327
633305774
564035947
120669635
655224262
842161487
77637616
422863566
478975553
694188258
497467512
258214328
76036653
719005167
809016297
517847878
715111050
504013624
312235488
649992197
697699355
988825402
621329469
47387360
432874673
960626985
316312937
958744371
368914741
449908726
618790203
562753431
857709687
870020285
781065657
650827630
343548057
831161381
640445207
901475299
104818319
403329996
168866653
542032663
930795073
861261032
143025260
446023068
613992779
764722182
985447943
646129589
782573954
367356111
516863274
722062207
100987290
159045130
530462857
219794483
578435191
239122887
120753718
182516775
195685641
839334763
692587963
895332120
709339132
78980953
495997399
34145782
148399557
893465436
349894602
356884450
843897795
148169922
500320103
173907580
750189077
854401584
547195844
734286942
979964884
833754183
344522914
750572359
833068522
129730188
375575772
246566959
57838661
412065537
862757161
265299076
146893807
822077864
895090931
370833947
123971415
131374838
392626752
200668340
962724421
714112719
730889991
147408386
738980141
314570459
697709054
739692641
989824514
806563478
891338847
513721744
568334111
162237696
550402869
139703276
996809937
298857332
392441378
516262541
703371935
282846671
615502361
887476734
863395401
473804864
80924901
531055652
624488304
747731367
398142562
807092409
621183373
271144074
956456721
454840954
103468598
928457517
242528505
124524173
385068460
649503828
124223128
861256649
591271359
689853984
243281184
338485369
542946583
315185061
733526956
845558096
55167833
178215651
158511999
644551046
266920230
151160719
485553485
388073380
348790352
666099357
287831153
2610594
134116588
993896892
744862046
308930646
907915325
770601668
715618951
802506014
284169492
567963253
996957554
451118644
639097166
969695307
650766583
400007704
585045981
397125410
794822075
291471321
332663503
772570950
181853433
713283647
942893326
571331329
182928617
798902284
260145967
903412962
541362951
583341341
980673957
352784649
657228935
521261268
838338264
847580747
68293311
50053096
962656106
695609293
184497040
423277457
250704809
300542640
221149869
977400957
181966180
971133422
15762838
223641448
242455351
627391940
6652247
580766324
523195193
547911416
776552375
465536226
289966514
281393482
902141031
335494242
445566317
966373614
699482535
333911551
472643139
231091799
388440569
511086338
988133408
442327047
246031429
301383587
253859599
965603581
352802225
968851044
487359340
748954050
724528034
750522474
908563301
390035703
754455220
999993446
22627487
207582984
27357288
538563290
77337234
889978614
420167181
512612283
946675326
110168108
452146843
315391879
213183297
953520383
838913624
167091122
438666135
605119249
431767336
646560540
80693741
672358727
818091541
751776532
459782104
119773678
142570586
487889569
673021885
991624066
477983213
91720006
575757237
253508590
894093751
525439721
632694345
577938616
529648105
431197167
312287824
94011279
192013391
738687775
708337186
560244470
747589732
362883018
388858269
510221172
513313892
903680137
577925717
63754060
328625834
636342872
598177180
680147953
50767714
511999197
263163427
479508324
123388716
764123399
214049401
894326975
454070031
223895654
260168592
465742933
521672285
392620814
979229405
488761171
919806557
433158900
236118648
939918685
673645176
452087090
106358271
536795143
904807283
179704228
158726221
601430093
908100576
967226890
417993312
280413952
548556558
365275678
399787983
182396345
875849779
160248253
443310478
271920618
72416952
129178040
968632444
703540834
867339275
883041505
888764604
32641839
88938936
611946527
718475184
915556520
824722794
244128032
830649006
247606470
62680967
393313054
648837483
60087210
839528779
865207671
792246297
378554
230756295
738683175
975710765
131550586
577820111
657038479
404504166
742781536
867029677
173363959
222555652
396987545
256576638
519840746
661079724
972330205
503011336
450566444
749005285
812664324
905996206
361033790
398699119
785801126
974469419
695832769
749944211
493690291
147774281
407746826
644570624
55542736
952001287
736241781
348973605
118003677
269514913
784315741
319402384
65114950
665365342
29456425
10833376
666537844
979263408
364449513
539226190
398762042
885674464
901808312
370603213
944178928
884974693
78337648
808958356
154230241
471374710
281402658
890214555
368652557
88572020
525212761
637133958
882580254
194417071
32437739
878640667
989070962
648107354
874599568
387838229
931357096
159449323
837198763
851113517
826464302
625814042
739320672
739530290
198608194
619193390
289658666
258048996
518294489
803103985
538786152
859417661
936247148
739063602
778968124
917223889
957945610
359980838
612610439
887224864
489358776
238544755
587122661
606154967
286793286
115323103
761544627
912255428
847690877
877168235
429912359
303341980
823979555
365529827
593469175
219640602
633974343
70055600
471010842
590787293
244458542
160590781
826802003
329114105
893583247
868911603
120588298
279567693
841517539
527918046
406861561
977633342
587035379
254754000
164997165
337994495
396370709
761836415
141956661
575965531
114362936
404956592
177020619
859551593
673577680
710393479
554485653
121303412
15699475
265143482
373965082
105807050
184649504
884670641
469989908
200835513
811722579
457830392
742889257
317189555
900163510
530103824
352582653
897477601
109974333
935000160
330542695
596371869
429024762
889308853
621795031
672514013
136151050
705849545
774544513
851279173
84926387
1903565
650954327
867088428
160455507
312856794
343571820
551928281
217924726
583113500
527619713
112354004
56102349
418907432
228745320
989189893
485989560
181376748
884815938
441170706
533796114
943009087
892635840
898585922
432942427
878263978
154957357
662375217
122106368
786619050
329840314
548126407
531895374
901750753
75991491
706104862
221616957
88989995
774435577
843354488
852604598
501314590
479135066
187925258
905949718
225807324
621529612
572890736
312672479
800023543
883363951
480654152
632216951
920828805
467657957
696070555
599592213
687712650
365539834
735094227
501593463
100862753
115774007
358532816
57906210
938488142
639634031
976244028
913721054
643509428
384955821
464825524
72823747
190343617
280716106
322484441
840055074
864569490
370015852
909800625
115127355
956293609
98068619
389945849
200107058
962147597
141947118
450891876
603538791
497128440
831403086
880639633
768242943
653774790
268289849
771247608
945063105
323177285
324120933
116235032
60063908
771916030
580918760
326164995
739166946
12674294
135600269
117777011
453323966
399814806
402918160
263909895
479180068
167999331
802629411
445942457
29207956
318733170
426450600
620791638
57171013
915519197
298000429
447211899
584913489
466367428
201258323
424215548
192637051
600292211
91210268
133586040
944995478
204692359
218724779
636598728
570104050
905907078
185916428
126571090
614315189
525906030
311250383
485401116
925338457
299345185
978636147
361839810
451580922
3366671
342260345
607447352
64768003
806276904
934565221
634273962
230267497
914676908
329047241
397400671
577350326
669221155
225087277
67719254
569307091
177570501
805864389
983251721
361022190
250262387
452638107
186455290
139135146
791695850
853461995
568064365
668247368
102635215
783545836
417138218
710123319
812040266
3019256
580553433
602986815
116696302
891145740
521171988
991111530
313792764
95176959
218961040
335666823
457681333
620224046
396920629
572342254
231494480
566617480
129307114
534516224
402925397
76068568
451550679
839627325
693122277
163692956
569315715
16896947
610279745
717430568
612031334
843348753
999114609
462294892
659718362
634974558
378171049
557459367
977536603
56272235
245642978
645796361
94098013
999155774
370762064
853011154
694380312
935297804
850213738
792701898
759951663
564859160
506106854
324934632
196701380
770971879
213096471
336354209
116905064
233985330
266209415
103572718
60979977
968582166
842042549
454891955
972040522
15230036
181096449
613545509
155135502
346811408
244928229
164537288
549922495
465752283
149114732
679911438
986256883
112688439
579867526
181955125
762124890
285811749
65064314
128255396
313999375
259829555
348289273
296705554
7411224
317737438
504863849
31632744
717384638
914540542
801438336
550264300
749704338
815054771
378235235
459903496
991982437
617943083
82819481
422481332
236925302
70607867
422946451
684504475
215966405
832701538
145046372
678541546
599617202
559441743
733562912
645263852
641107721
157799170
309437308
55261179
336755111
320464500
91087098
66724009
553525502
276254802
616101161
62860063
754907525
854718281
66887338
328427608
21095933
96475552
778669051
619102326
91963005
14393896
319227692
628019004
324910990
925765724
156147943
356364134
19377141
312945307
506235303
784577770
619443047
185277699
143678618
889116848
74678004
206751682
188011056
145998478
939709862
72978415
180294442
55933504
250988444
39994621
7812672
606249516
748667449
660558743
273485815
673236543
551794558
18235634
332891198
850927108
597492199
533888508
556911321
892096015
151959949
218826799
666017854
997852053
212396474
876182824
28075557
879426507
990919569
245938905
246039400
195657849
943642593
965686829
830475490
407842849
978457295
76794206
562517943
891519720
390661434
838647194
717034749
449924062
218837460
108819815
603587089
372844040
775781721
195935362
647771468
416071111
362180548
845906558
60769494
884123205
585098631
78607163
967747543
391291550
366416325
660589298
869413571
812070225
537803389
87425095
976641978
516536322
775744240
614334483
797486801
7055156
836408097
923148573
883488719
569592231
899152633
385314265
894524410
56112420
477777
781422178
89958037
519295418
550102123
892701460
839264415
445175406
257489498
562963449
95145463
704442541
59024181
901590283
499495844
889251632
952708934
812106357
913367441
439253040
473572065
954939919
553257168
344870617
154431263
415054032
574455251
681734312
335253150
721783982
227335329
91954393
376632565
340643923
353749678
807362589
964739187
277267468
597145807
208729840
996685539
456765554
83712888
893201449
823814975
117597810
101521324
760702802
660808746
482163741
700185779
994717472
663377850
67790542
313755877
166595511
959291074
995601891
67164958
314082555
240428825
228578120
504125186
85843248
336522530
113204062
871239493
666062703
601773807
630918728
831203817
840579428
33762954
651602002
502613165
441674607
605368797
800046089
213784914
866639020
447577458
551033863
838845139
977846259
676730725
568717272
837267622
406713604
70919246
338016579
715415331
842766197
52988432
510119894
248884480
144250514
266533491
394735532
606112898
467000723
495152128
569998211
555369180
95753800
34197942
386215286
424178289
631999439
730187186
576759698
433207329
54777568
966052294
568782163
525356918
89361504
826423360
781063338
472155281
833265314
310640873
157397421
817563748
890027394
238110532
684092883
359282574
111084816
933941537
318357239
403894084
671067838
275819422
803052571
74279753
32381691
404040654
518212288
107793180
420655716
991699012
950394351
59435803
194141448
634515513
328336901
877882128
203363622
366671847
526435566
836932324
394640377
862620749
322554220
651991675
996526825
102829848
753223869
90792829
370366463
740288493
695339702
740089730
103572519
247053190
352309297
762469151
523505526
583725488
363546299
64323187
72927560
83808034
527939290
830399422
86460361
238274488
461087329
217620404
857979657
734339747
522251081
656821548
345774798
108802407
325298717
431686408
31981750
193839365
794243399
715612718
557188201
423743199
256720041
676090279
352560900
251774954
903330849
2057509
152400224
372612405
290381086
15431962
411432589
471882246
350369790
739843362
68671251
328631916
522139202
563333229
582101825
96339974
671579871
333805285
654444580
180314660
366921052
76578196
894683046
184804740
13094241
952778058
759969495
877797119
886073460
411958985
747764232
32749844
950275513
23880332
62951135
679067245
512423339
971422869
640972214
372814287
364988472
383078708
15255586
50579645
221667032
65931164
383591531
712599065
482243426
966963794
305814237
156705681
741333141
911517903
295344057
782152777
353086513
478726506
369402200
769958704
773599612
236477567
891584142
958917713
397155976
486828012
950676956
3545462
979524133
46626656
285653083
637940277
908565034
39429875
968513959
803950947
377536295
430796102
989094327
332380229
417467562
635032328
486931330
406804884
175391789
837061254
53397221
793517974
753942769
526861129
696660391
884785027
28007313
273936162
227122720
476717864
320885277
614933067
242987940
314139504
546981600
981205730
320712185
627489742
191473439
94774040
315155555
744460991
190608023
269641290
505125055
568093640
254971970
572994932
977974070
525426576
414039738
737172474
926204897
684301363
678031412
774858877
563362950
869150994
690456354
878310742
131331811
650873012
639997899
982543118
802261092
312627921
569936088
919186027
896594690
740101955
844306844
796789808
127011145
829525155
26413599
699037568
745118692
331432929
369290238
399132068
529136615
738613500
665764000
464959704
733047982
451154117
765664809
57808240
751648740
922325103
448115782
19059328
203887747
868473469
410577171
464365609
59512784
799867013
365321148
237814740
755327552
853545430
118803180
986020174
556534826
718074994
109218286
850404361
956158978
379546870
476844171
104612009
183334623
611849683
773988723
943135716
2837878
958203162
342031194
986490363
23599083
143040531
732762109
197286177
598802586
147108986
96887199
321299529
385962583
343427007
32912234
455356361
350412597
69113897
510650675
593626852
185859976
643206282
692490946
832279115
189088694
874460140
526258316
239483489
881141418
62804374
592419258
887409975
105464026
397129556
438597581
491543937
367850968
307311322
974613521
452821227
231709655
459231226
640658083
406454813
760620534
404728982
45475348
524802574
516874562
106141426
817712404
870766558
561562721
72385071
488076188
58208294
409884226
650855725
649801508
774674780
543496613
52777264
425101037
992914781
871302890
518810316
540044297
647378882
431923767
933039406
229970619
85985144
546180577
4190324
209364970
301934077
998700083
120889250
70219826
31447131
372721755
285214019
770014649
270439663
332673717
278469196
986892549
642736669
243951271
656417797
390729833
974014269
261001497
446765378
9031837
935326395
379937682
905138222
511373629
63501769
619604838
333030639
206706926
970461854
231996128
168968228
846751883
453795842
260678152
558442334
651184892
617516519
646175067
644707873
823906284
397335696
351538046
759068797
804484302
963038527
816830506
590814207
455828713
81819430
98700476
229917990
802079472
89884786
446963497
314824269
406778765
771602990
68691142
205720627
53885895
926501623
474072126
409739502
381592115
670340398
967727525
622149763
223984129
551212183
782757052
227828640
966727704
987031308
924439838
146723845
701957756
896602876
871316402
642851414
215048353
878100700
255505793
303633660
91715763
7556722
372549454
771445776
68854466
451183428
443631
701456600
818912751
102375746
230551677
478031761
181841257
616213139
431010692
697348458
194481831
473554698
453770118
296962688
929921845
98637431
577774664
227811779
177744124
337114436
426016659
79007956
345691334
279876928
739629204
823101885
876152451
249444977
991090544
346878077
24659287
620653798
250597933
435177723
999608269
42155321
986193096
650208022
106283500
629669476
449272768
854770604
227935710
599760354
921832010
102893321
336375798
831073263
162472326
656470779
866610944
710739328
828291296
581248981
178057493
702038790
583020909
526297558
141660626
523777768
634340093
906592013
308749578
155468883
56859530
32352870
497974111
579967425
91737844
919944192
34449455
525078022
842217476
756493550
643917353
382685013
22757617
437952675
447762935
992159141
264697097
632826931
885431586
205935251
344324718
722413028
657643654
142494488
852889265
517151791
140053881
247928661
741296492
541770193
208916396
862565826
341564706
190176295
383811750
81622659
183357902
258298158
218674654
549795797
642195636
890766720
261250500
498735576
165634903
384846965
822545158
378626288
384719588
637670093
125719945
284250540
65974583
717974271
800163295
187646354
183615788
125910620
573858421
597509379
383601374
903662129
591529222
114034551
173409600
569785519
396621859
84990551
167612291
745080101
171051876
374599304
640398030
561714884
17891172
428766377
112299552
922666773
536000753
213452764
497126537
827491705
643083404
902783697
450738174
527001945
191524119
903059035
549172723
34813200
988863049
639478756
176443102
106222864
111311334
472575564
954680158
309999124
978677161
578654553
431250104
343995389
132151714
707844476
518503845
929457442
419476676
264791567
105511085
161514201
619217153
412442565
450566896
645701811
423539277
542605577
9170106
130001888
875450363
655676886
116671717
392695135
984209315
31006306
704640577
400519534
267401741
348392717
646679125
8339153
512066263
128484040
625605355
501372942
361150107
703171600
716956471
110755594
90373035
879779429
717044996
859137779
433027407
860997031
797563246
183061194
857937252
96709165
396142592
60806860
470365772
82478161
545827191
202863614
540336372
47213470
388798566
39573799
714788162
685971759
300884746
489390830
862530124
841552103
154496318
316372664
578509894
868629846
994670517
632160607
827953830
677888429
238911494
627071968
599809758
702631530
418076755
643681817
172360744
753856983
8473196
415801531
277022619
379425000
245014971
781477139
318107301
373994813
217126328
859021509
345130819
863929469
320702365
846330216
923276459
612620907
830961370
311222625
846770434
991564989
631478967
694288426
208318228
681750737
474998040
510841213
95466311
493522988
594321646
389006332
372136124
909732621
406290165
862061203
150724120
637774315
288397716
842218402
342678827
447388400
141048227
392911048
650000941
637274444
58739065
376816180
216696851
270632954
766651225
256211511
31305855
560096301
503436025
359649829
460239380
99205918
900487688
537550915
725707136
319847167
800875732
537546794
101408244
99488316
496713914
238745658
672954654
560482118
261580966
647061947
162381021
763942983
160185263
754690344
893789147
424301169
173277294
457227704
761386358
409648609
342247520
954405054
614792270
272668298
978734354
675178064
685836619
373190842
710707849
33611698
80004864
766092585
964002257
833035445
270501855
633997275
854032827
825410509
73942651
195432006
456442169
400455821
60682925
612028292
23498334
947359496
646989239
824553302
332107831
781056680
227028881
367250923
451651109
85413944
394939635
964799055
320184662
125522935
935695037
400407556
878097129
806760670
54417616
67686910
614654268
765661636
520316048
728420153
237889573
661153349
558525696
885332162
310778942
610722034
29383572
124667290
480109190
880786221
636888308
384264101
310315083
648369250
646674782
470524163
584947224
26345702
318205995
557271438
715765734
927483475
185362652
345935891
843044564
247861643
400863287
63572113
513268028
438807058
30924454
257376748
723446645
685094795
945194773
467426115
914245404
404401709
122101149
480766158
56998879
963110753
243128875
503954640
828105333
39468411
769096878
370948739
862599337
614163372
595029535
451656006
515751639
353978016
856279555
24620455
856498423
907355887
83221031
974830281
489172771
252810113
52932170
402725723
54363957
557014502
962481744
507545006
673769831
212751768
738083003
857029025
811444006
942039996
100475292
405421666
500131439
540923542
905510293
490606054
613331108
369171755
16926117
601252767
715196172
569233789
485767564
706594790
967033174
604910321
668580776
452456432
360871592
399989378
368778639
956627862
465663886
411461898
220452215
855131348
282724876
996792220
763657127
345983045
233190105
776581036
737570383
853637819
104820177
105887994
208151645
814563608
363508145
737098941
792484981
175841401
530087203
283298523
952443613
836443572
445053272
922459663
913687309
28158667
279761997
470725009
314082479
734290912
312710381
234467380
777323545
270417784
241629814
224119894
908860785
808373106
275104235
101541349
809625193
887151365
990242621
847700322
560846392
579489077
532676436
154471638
724903075
654814049
384920867
383813715
950534548
152098016
350686197
953105989
39250066
55396736
718382642
357191648
988301037
528618525
509538953
594179837
81572660
306871409
133894544
722022125
662385518
862335422
304846641
300773145
826728052
847618857
44093950
195763540
863607059
632340015
59811303
995056388
878516086
603505254
470039826
368950334
133175425
983390631
472603799
347550984
748013153
201130138
768033378
474825438
968741293
363951641
172020840
419848599
581619825
981220253
102246291
721465282
834332827
518511566
884581126
468495478
372600194
132285145
133329988
866055860
953356224
615351690
351869371
959535050
771301179
664597168
561115039
505500444
646966714
316398021
842344959
939022857
908500795
941985495
359082884
289860862
480622615
372720853
180409966
906034365
378087494
714627183
337906999
853419544
525920667
687926715
517064851
905928994
430191092
708097966
305534485
935030316
404513258
317581750
873959153
726010248
386505284
213006772
539449627
215292120
710914577
319125969
941149336
125629814
774715948
967203421
793971007
415649426
479830949
606131175
231603982
784811461
442102458
375341067
160076763
949414071
425519254
463341010
190905274
807968287
275895016
289553833
286664
486095385
254565621
823000787
184876451
133616360
923611583
324169637
898349933
785716911
236994974
180436012
844515489
23955900
792121135
163315184
235470421
1275579
557039621
866097601
699601651
518970711
577796267
92081363
576412509
664824853
928648842
978995176
315802684
375175399
585718782
19228175
820635708
657627144
146085032
141387993
155036415
932194854
451561279
159447146
569812187
846492682
177014884
684404260
534475672
569813198
154952210
370406037
283299113
911679314
669749604
601016874
919316144
687928336
848190212
547924211
314079800
786702849
253621591
463281160
935714504
881352667
865713507
423530922
397799272
195008252
705390472
138040498
893703106
965313201
887236389
642955842
945772339
97852401
680353614
753493257
44791947
577554355
485519298
45044687
437014103
996219007
861376041
203913331
569548438
180088477
193806710
882802509
840322119
690920031
976354490
56153401
284598618
544162374
635956077
51849178
343226035
23817012
325777187
239250012
236065112
401837920
586931452
985165386
292293954
166706472
24699004
330212034
183607051
463687647
928838559
943722754
14486824
301513848
734907350
451448528
646148045
894271079
635214021
582048075
236239706
957818953
391059910
183438645
235398354
544498062
242932425
292826829
471608355
740877480
632374326
892584683
396375552
784553674
457984554
400725754
247668023
254023657
686173503
794913578
239239044
460617210
222984818
6139841
577380052
907049683
25024775
52582764
290536651
189143457
689876723
829130543
498487565
173747495
744503494
700094879
437532584
562671941
251116928
922817634
832267301
941165612
518279363
465883275
819312016
361035374
608715726
566897207
63999141
41854305
475897759
230761141
478958588
58354860
193723613
926957368
802057468
118146838
183673421
3457957
842782727
457905465
963308676
751043962
902852872
204514045
605763439
886163842
57852134
353634755
519356949
745083368
345491024
415395810
299299893
776314236
886991581
172422626
571573749
786952299
236053943
633227635
298938853
264074910
871395425
570454789
329340863
919715705
930336148
747460777
583874425
459147159
55314982
764406857
842549628
795344398
504175036
379804875
131151870
283926338
858323858
938194824
111177054
660176247
492836520
572378167
430220321
979153806
509951044
673781177
143061427
649717063
271453031
829708928
778627872
931949534
250385540
343333239
26024253
563416738
692949592
457706675
597972115
481382010
568147751
269097642
296135008
820918778
458228887
774851612
591758504
24837665
898182499
457548856
18903430
57438071
315028281
817127117
868950338
276992845
705373343
511204283
608732723
633849877
960556276
767555302
685257976
455975909
461691151
550150896
587450001
820684290
964172163
919888178
447816845
984642195
20580962
584972853
983918046
374267555
645790885
599174169
882859568
36788646
564068030
495320872
3778061
548264364
164995098
450241997
983967911
249748089
543212824
86732656
870930911
600922422
531455358
407031174
298846971
941439827
549367481
352367015
44793511
618039995
239616532
283816387
50604251
110512916
870742542
685380116
374576999
100944043
400784582
132293934
187264256
803868631
400701550
456955009
148126864
407803449
727104685
123171918
952573180
394675485
614972946
536696699
551262939
841169146
858829993
573260359
502255430
823030969
935173971
592906031
483698236
121277126
537667144
350733435
657166783
288360249
896336489
176424094
553967314
552482907
672694511
550337672
228858344
250589995
241804405
717415647
918440744
559783925
756165080
864743477
819193578
927492298
67553460
864179853
540721335
148925488
178053884
596405999
167707377
96763108
934119937
964841820
16456306
192152278
454736819
197008917
803070949
588425331
243087257
923986404
375211077
508439561
134270332
236386700
105115035
885737982
794750655
299955438
112529093
198435403
386448224
41784956
859661303
67761629
323934820
552225503
870212453
922540427
137170366
399577248
890246119
992955697
744902717
480222847
988539932
865693806
489071961
561751513
439562969
113348410
297768474
108290802
845194682
603598583
303053401
648710134
969086824
290328206
723433816
314843917
822129570
803361324
496454965
54795897
420298363
307980986
903301627
714283094
668112783
327199803
845133467
274636940
328595339
281518908
575608881
280329917
717509604
59405829
217138045
179066337
42610066
277285431
550978295
211952408
254137982
564616178
736782891
718418261
100600653
468304144
275184086
97058123
554016086
287925972
910221290
723185308
535420286
449618242
134555917
139791844
202759933
536296967
66095388
897695073
589756741
703740347
384139793
846128073
300296709
588010263
307431651
413795485
440156348
682140497
91985049
859985525
680471237
811268062
422911855
990426147
890210575
998088812
897572934
195519548
837040975
40931344
982759262
829073970
706336585
132643710
343665236
842606887
887499552
414486561
924733346
455922034
629050371
873055863
656311499
803749025
368275502
429036425
837097407
332491697
372375805
651249750
249612187
880887036
275396651
105096603
284941327
754289427
413657530
85012820
267259539
443124496
148037172
90476110
662762968
997641294
632003217
392908280
67020136
678297463
714413300
783735056
720066692
425410749
913344640
72901491
590788697
475885852
135314987
692360664
889051617
712003738
797468394
977445795
758306992
684657528
24947490
68776456
444166353
828472017
531043171
481131527
650360181
469216685
777399181
125609366
613219997
548298041
292025629
257458092
223637964
491454222
15156868
206759089
289900292
332384073
508395491
439876462
21317875
955071248
298187001
5823975
57436714
832324484
542802726
945417980
334878209
963958171
395534612
59556158
978250451
205301379
601933281
406345829
725553055
756222865
365988457
704561081
415349073
833219526
331496127
468757148
569467261
99600261
347094027
830450746
327935602
409638428
159372964
60672280
221870543
491697244
872892367
80831843
778772816
35915073
298403123
63979294
654915623
443738330
240522644
93075074
773053260
784198011
152620369
603920123
778684748
37562117
266094248
597472710
142614885
406450126
658993123
761045799
675471118
411715504
358735825
412877775
798030589
427369718
808221712
88386420
376280780
865110417
160470259
925816878
166148004
748830421
28916593
509671903
627736214
439750841
231128814
545599204
884572585
313627266
53942320
583526902
235059393
777975731
435302228
509162724
462449091
446282001
618480394
890460057
325176733
346612498
741370278
118421773
808804680
501272342
15841076
341522069
949081897
856402883
12295632
921340874
403723402
60617339
652620514
881250056
122336344
190617830
514137993
485949347
81733272
349337406
458670792
760385016
492250740
12045390
671725185
662711767
793702811
981919481
445759221
77547314
262008992
749068355
738771094
842879757
37487046
241891247
558900213
990264831
396146062
922545233
120857664
63655916
152228970
505713332
309153987
647467660
800900617
901354864
823932448
759799732
551209944
207370135
908863496
970085167
294064185
555133792
139581490
606925489
659608816
788275153
612810243
79722618
200670871
448597098
648681684
957849411
591067660
575123673
413762803
761686464
656054772
37672684
758426647
821983430
946510808
131690077
576084845
65674824
520553439
36780123
438120834
103400364
257280720
678890653
890738667
189819538
363094206
437410356
676462143
498528736
576910860
278638119
434124022
789954819
894519599
815623085
532251397
2461442
202053287
93261023
604185721
890197743
932613215
311163940
266289133
306153091
551079513
150417377
946508909
784663383
467023451
462187088
340057312
884616848
778141756
491886310
777365112
634313547
654559829
250633956
794970845
910107026
385063260
644216856
739620033
851198059
628580253
27380288
245695990
133049193
337733815
223140741
745815410
363953432
10456698
81421097
886614932
93043115
325686208
552275538
852341741
491541096
639943457
591307150
617795796
555503214
917744335
864598311
119979096
416188765
301469704
265038961
780871662
551166834
837046435
462540917
316440169
128246564
577038175
676434206
104658700
103200352
862983845
411061492
865775244
543766594
772053497
468460214
863046790
368055488
596877451
362107550
13570743
300219191
824847933
553627401
425689608
560006648
803750384
655371713
22779915
760169776
276664302
133091949
522881435
334475076
865721527
606432781
422589159
219626619
85209134
229155384
430739923
865960097
137055963
648300509
676881713
220097078
776793894
822034639
295157903
305932543
85814276
778377007
793307921
564383109
491977738
807879390
21190183
455928438
861514305
283877462
211300842
51659244
428677627
430963544
855780836
992000690
494997375
418859391
441743733
124180455
600125856
89315006
163939311
380348259
230708589
522251688
54404823
316557813
978370001
491649981
674354425
487225428
715889640
173383409
147000445
744737982
974618606
910306719
317679636
613966799
470580358
506713181
465375546
53711174
364172078
387801653
498706652
204682372
516745387
861960781
954865083
234265048
92430690
160338033
978050830
399369319
803311026
258733813
40707437
852127695
674942152
557035701
693121664
241440639
894633705
655317145
90868462
636738492
557736079
274030059
673203950
556059580
507963867
367133343
267192065
295767278
303834358
831756798
369603591
461540333
345949416
769105620
192003683
910152971
577838580
283182400
539587732
500910887
778241135
289762916
466021252
940526870
916077929
884790761
741873680
741147781
950492378
753507761
776652801
735706511
61458793
838526199
428391011
420952669
280472577
411350595
847892546
441714467
260298142
385980513
612360674
388539629
737963406
374296823
359720558
706898453
824200938
21153539
680870448
49152391
688304055
822254770
560717790
335241417
554944483
496625844
26801817
975384313
474866908
727008140
744992104
817950646
496118231
378974654
506396549
578916583
31393892
380698210
283189388
514859228
925115043
132519616
495926122
912860349
893713877
857857193
589382198
480772230
758708392
923607716
310181559
875206237
873318794
975295515
793244126
832512566
604704353
189145961
539044125
269293566
439680458
694875387
791160882
813376552
596487613
965610015
370664859
355216830
661280031
636783515
344079768
330582423
846774236
437725412
536240728
268742353
489978378
253714701
9186505
297412938
664596590
599819963
459611755
777056487
564970769
787767993
580870487
619734376
771862222
580416655
267251867
866763110
858954203
934357932
623353402
579137310
708123500
32763558
936937733
241104356
451036067
108804094
497568835
900879653
306783477
927491438
92852133
452940300
232091668
699230411
343923758
206564478
610574312
252388951
293802856
230440368
399329646
414943455
260046485
549216463
950896956
639300719
561768831
228097404
320162432
175886143
203837282
288190765
768577561
47635420
639189254
948618788
637380958
914793339
354205993
31138893
745803573
845652822
438139487
973918813
109773933
312593070
34486522
875146603
106548598
922345119
574057927
186348940
378026860
633985890
232577450
425836200
481603002
338450489
18369985
582115776
587325799
271565624
504302382
35248898
566641650
89877715
752223372
582934314
899963341
666539080
620759556
931439915
848644671
357963435
738748089
66014170
956532581
140323311
475212697
917150958
387116384
190371541
438779719
389831080
744184356
938148426
248357022
571659069
74975316
15829244
985018221
387232326
473328768
886007647
87604414
781380738
372934829
878589157
811652649
648969589
52399622
750607127
643588134
13738689
559283714
488583578
679907562
917517249
126279913
282880597
865286008
88473824
636134644
104415328
67312619
456268145
91402015
476894930
311283772
166389724
194922950
366616066
888305198
406071550
186400694
748369635
749132550
753458691
826446868
855801724
894343645
161393664
558348000
634532457
344939086
473579770
88299387
374408356
620921633
929004510
786168356
743809343
538496918
935638757
935294483
884572474
888374587
341459110
432155608
823336122
516539314
999615877
452525140
299497258
90554295
598995753
206603477
866243143
478592282
7736431
211071502
661090638
452479576
365716366
573601779
773287601
239725512
37648942
68112993
641430524
105355667
797046919
295515463
969748448
834173449
343369038
584001048
687428780
196426506
772866137
595963848
103331648
529702897
528456205
372138284
135945686
318064988
983351740
438400582
195135904
220640960
398024077
533139490
302871413
196943331
757697782
853545904
697582126
300591387
255509594
878672145
944477139
131119669
384729720
605921491
461544049
615199241
310484386
389993670
138962620
570732648
488841241
71306633
533247582
813064386
216896950
293655275
301770449
584188935
400172977
787303744
532763052
385443039
288528469
560800876
132445398
20910492
885529779
825969887
312335979
105366465
863114827
985462276
356311516
247521344
129536672
17730750
101575250
502551686
656274628
960276939
560468739
217741480
695637746
168780020
191713146
529680234
175724300
705878672
844817650
571193300
733474594
985690061
82646592
210919645
951848815
817278705
642130610
618079922
13810429
662245516
768322980
887781083
201486022
478646635
446577352
715913707
77247071
175207
118128380
542092178
748451034
111924371
838183365
732806733
250839202
593463007
56118390
862857937
670176924
388550574
239947143
786470944
316681803
375755143
755994311
920495189
255558411
953705399
978380537
459916835
422121937
238776340
902828917
486094804
281912072
222157173
408063790
466437706
718965498
760372176
443848677
478097381
280224244
860424855
527433208
223910983
929214628
601434821
130490931
144227128
154936732
184036375
788280559
811469397
256435983
592665644
118061290
971778169
519035938
907909870
287942481
421294455
18172816
591802376
716038652
30359022
556291951
413924896
290807649
708815176
609721416
280528363
61083196
387488888
140802136
959224048
812636165
266089926
893539814
521347224
257768720
50356293
676083381
757163942
591974586
359241567
298717521
893692092
605322117
391979211
676171107
409294013
690135496
941482864
869701943
914609188
589649269
616366409
67159901
884960107
761937712
21228233
309832688
413594536
294268024
622121837
597137239
330809174
427992249
283559403
943759653
642529555
469690918
536046457
4783145
943011958
428826543
177912949
128759685
304241227
552817459
298304421
85168728
127323147
679247633
909120013
781346256
155538702
987807124
819483401
374878493
955240325
262818820
331814213
180425799
506270073
297280599
29290396
891256178
29182818
454639323
160759836
503192312
769871812
540054624
435065457
902290024
88825963
146181591
399901699
806962486
146570231
475760276
812517311
395670500
949015224
638293349
992474305
735444049
559836958
751872414
265822268
428455743
78473591
441110041
651330649
946294550
958477249
407903239
808260640
677089693
721488550
963939437
816007322
440561802
394055615
562090458
125773765
329266535
592304332
756943787
969244274
473773984
362063273
212628331
584855087
970750666
162496517
675370680
647814058
892181496
908657758
683903273
232741637
167783827
707300236
375337981
52899475
443791515
85804383
910396401
98543415
664868558
866289833
223543692
906655367
569093637
765768898
774810240
867019381
434582007
939191128
132619111
123567010
32397873
810913739
469415472
778996067
435720387
33849381
379904901
516260671
665044531
867957816
528929209
730669405
323767488
179441700
53377676
483672803
594630994
36298403
639626102
321616607
474366929
188008286
937707737
497596626
145226571
618533407
808563059
689587556
548957573
128225024
808133972
22328417
609070040
800599710
789708049
555245461
857517681
257854888
566807804
749788670
67438318
772424886
593093734
205689102
191192037
476093161
602280195
309843792
517781356
157310454
386836957
305789190
541841684
324892586
836850678
318816215
321606946
867088300
563517455
764283159
828107936
560379613
801163364
139187834
794267255
153477796
211812079
292966395
208686608
384030618
988708964
552167329
511536524
499916932
861003442
988073613
129977401
205379357
448416186
560838467
575947960
83800432
932889717
776379643
410115695
680209093
362997541
553865875
877656201
977525905
141704411
529356970
899467680
290508520
479957999
655354942
484956431
465663989
258000288
343675290
429828103
480483992
547454280
322164149
995614342
460297557
501309865
38017114
24504514
775838694
47102188
339028029
420351655
427883626
183167101
197229461
284865480
914619207
988882305
87977859
421719495
151436272
715081388
458807729
824702037
195411309
487339442
102472967
32144627
885061940
206202518
507713806
174408262
702312042
657844198
739681522
364998509
437393816
208545439
295033791
659630525
558286060
273855338
797529399
68455826
602946630
993866824
632543286
738368341
762939844
824979588
192180992
152748889
837805177
905924825
341390425
919620576
296343898
482675854
687475105
128947770
245729005
345972392
406048063
864054185
274139479
493178787
282000239
966251806
462513701
422674843
67726122
983988894
825946021
116503329
45281951
43691749
804454921
16116354
944215704
15448600
369783066
99681298
374590796
799171517
759062678
448624476
654546520
826764299
907086056
266410619
712535347
237364823
480234975
778382628
244586848
625008837
803014838
877628121
907901048
547635384
73611271
298962251
793229188
397002847
605762294
256776670
664236040
365111086
976640392
577533574
17744593
506878931
250221795
836856741
934123193
287170613
818780134
277441212
393294621
752282273
524495502
505097260
986891012
399846476
723325846
785505416
309349445
145042407
610044690
622142626
12176933
313525573
221378216
54895105
242238197
15012705
526368451
305080715
561908078
513650291
616337045
103679031
61315314
1122840
820006548
48232415
989212017
843124905
500665038
585600173
161019867
507995587
368900090
534372707
821357346
397500633
168172915
470604336
44216817
711839036
770366907
920619714
683082655
194096609
300495888
124715196
88127965
486187522
376029917
881420537
653594717
105349487
798585771
958096700
736088031
113161193
531390607
570667561
113518236
342329245
127664647
696087649
123400402
423708749
356749999
911192614
839837166
851926475
440711537
368914045
612400321
495674788
110801249
747291190
132592939
15157509
648192384
14764573
828959658
581745751
49411832
350485147
871759848
708517734
913647315
699978403
139434153
660589598
48052221
200864032
603407051
495528395
876125344
58322511
20506455
290513821
411336417
107480934
777431325
15385039
80148004
727244538
442445807
564859918
124664109
669345402
319841619
299659733
352006531
707417854
520559464
496927092
810528221
991940254
538365159
886759406
405495927
832269047
433219882
143705229
159386218
790315163
607613059
723885822
250850640
10230592
779487282
736775216
359237815
671496966
33932645
457721835
568449685
398708163
632665563
572437824
207903734
512059049
705517327
883278724
324219708
768336913
357444318
160686137
952365754
893712960
398719842
132448269
597530473
661470747
236395749
985025211
433597642
547663864
851833377
306606514
847253597
543276656
978212447
703593272
847207790
266848892
306803232
561783456
744323064
436318919
865687350
689715008
819364880
410632662
601722452
23477045
124909409
477531679
650426387
3478533
616632863
318890968
616726631
918337209
490066769
477073716
572526457
699054953
978922642
766172894
457042605
802206660
174449938
278062316
38255987
923501626
978556169
61274552
855450631
757733457
699386447
273090941
356676782
650589848
380883685
968232721
204782694
692761392
620820498
210947905
485347970
879523938
258081889
735607665
304799719
42502880
889235959
637007320
251659959
796307172
877701856
68757148
554598218
586154292
884381904
197908906
631170592
889206343
826912157
441668588
600945040
669751322
394021996
100937547
409605911
29001816
538570240
225302557
469275058
419867388
30399572
137351079
12448869
810624630
727767464
806811312
398165397
647335293
128566196
408541306
79308567
577996288
840425771
803283478
957588058
961693688
712443870
542379503
19827632
6650787
666441636
127906904
184161553
854035101
933502861
527021216
210218894
287592334
926572964
991892497
744244572
148058259
778660171
85113584
2208577
728676276
88419172
33751293
966085315
470074329
360248420
968856613
676784733
203729129
979727762
663151810
891746519
37508509
975044801
873343757
786477709
754951143
858200711
82000893
467523652
723074292
396388650
3773116
433199391
986027770
949533175
728850864
914012632
417549521
577841172
546815944
666325524
549098189
526347782
894897640
717452892
87491570
800807705
288312594
392561074
979760851
900515835
664794957
550526244
432984977
966165361
131259924
288722749
942105154
283293914
648169119
382179707
775757318
894335051
314607285
244916513
797807649
785631489
169579623
210192020
766415071
928878962
240165635
391484020
625519276
965277101
975076840
458883291
838263793
894455579
293483176
301533728
314312502
796441379
747491433
243119517
446837387
687421228
718995836
933206689
134801758
705139945
871097846
200035094
580543835
698993886
110481362
814846450
881418389
98320531
613390288
570391019
416467468
400105764
668136141
286893684
76781409
255167611
676416040
876830105
583198338
704835580
582488091
140314800
140820296
254164538
450572704
946312549
351973506
608502144
908817728
151623613
112534447
617383828
502239983
853868921
718207384
664930488
878949667
52292736
425078351
536609104
214903111
143410921
440968692
301816690
468740802
235278898
274966365
285233072
500273799
762337567
907681247
897737637
398204673
454277377
823309221
916787463
26329179
199321387
58695386
59255999
634032980
974293099
162560944
658815634
225752752
732792259
806504400
668573726
551250050
765656669
641535813
496642830
902799970
513848040
68057601
539929144
382145835
120810082
886774370
343651385
472495903
298980422
735204947
812723954
997745965
75724695
813266198
592990802
674285893
378801010
499188636
648027512
969402165
428584240
426688520
119559803
525768913
226995650
928305496
269352471
746073999
267799800
559669687
612915707
522756434
493340578
224382877
130292722
211577097
972412278
486105817
372382328
329652523
846751089
210275325
931227203
467244021
459630851
250350658
593148680
738342620
74002651
647711320
103820545
391242039
891487250
63846263
864667560
419299122
709018709
312312320
546540442
429610947
553713818
792794937
395786280
131404927
14735308
756330134
724077836
437441228
673244898
408526454
338385088
125550083
241602176
142560335
808474646
490766328
412342816
203056416
968774755
953548662
773734310
87717680
922528812
469431419
286950318
725005398
751272268
380275480
611030921
148378866
150563149
456332886
985151475
303286553
487897691
870215156
660579732
175601298
900984885
162468511
358489677
308272204
980284686
852685523
232955182
115964794
386195810
333013842
458643235
280534096
281890739
311248118
552438283
291159189
820443402
969482515
16421115
152019456
160614725
882916840
746696752
197033588
305699371
732163197
518332147
855984779
932985267
805283225
321937299
778303734
570994342
971445393
455406507
486347726
174363583
340251355
560807577
905495613
585410308
112867110
722739711
895658947
384144606
335709307
542087325
991374732
525343638
720203899
933552051
180654608
515378953
868040449
645721611
155654022
740363790
915236769
702239391
875201575
436438661
313118559
325290852
841886954
431502516
219938699
565356282
960173313
624119261
805454489
502858730
692952040
615177638
412171931
829710562
403673349
491980927
94481382
305193581
577239162
910636349
7339923
147115868
653172387
910559806
305993646
894007898
610676875
487785226
215301599
969329550
919000642
314550026
229209624
683907361
82111812
566975860
871034540
797541909
834520260
527374801
297364671
417361824
914974877
926633312
461255505
353910253
55784540
398317269
144265449
979698454
395668920
207022995
198251613
458065808
31007976
202682827
396854114
94599255
894469786
524648713
221736109
992105018
383745175
498262681
238246821
860719091
12300600
370579591
74861429
233898735
370033455
455889856
549901986
279566480
34959248
896131509
132189596
814072254
970158284
762762312
758738218
957708949
350027388
913363597
638497435
315325199
869789251
129444056
994946460
173490557
328738732
51285211
698964195
766094209
398459745
255502805
306993997
471968378
492095795
242368652
364043539
55885308
122980622
649933066
140466305
567002070
875902840
522817384
810966162
619103244
974587392
928533101
147975176
630516622
563918093
874036356
815899991
297051314
288275761
24386387
681526893
174417874
96193495
702450552
380869718
998802364
31608659
359325535
529353482
415098201
345342368
592394447
865676026
178338010
747105092
316246304
602730966
999998314
750169425
213912585
504845854
526850789
192701736
185167648
71183996
293412580
547792113
110886712
439547222
454886719
919611319
188163175
983692949
284985456
421881871
147273089
838309451
498909283
930700032
886518001
830652640
335099314
555686653
104104578
842564675
205317409
129732016
343504983
711333473
168114328
279462709
518744871
143269245
877152442
783941129
123358087
273819961
987166717
853273243
791382061
161994969
121402350
754296808
427804892
887471198
144121352
755635281
177952345
554757890
84546322
844687278
177911885
635136067
548376687
950476253
543406293
653662433
932863720
688027718
137557413
535048390
958900048
99710925
876013568
912672970
478467741
818720307
618129278
382745734
739266315
60780767
435079501
815892177
751895489
940126470
100774645
445595353
700643369
756994671
378460688
439058400
2841178
785847176
324717698
880798760
71335489
555477383
983708300
117215680
539658465
104461971
479475735
929645877
31589638
685059509
228747760
378861179
376560133
925747689
977778068
802141001
589906088
330865450
759772920
401945032
298964562
949473605
117606192
234365970
297881539
392848292
23949863
665968026
717833826
13417151
784824270
486631418
580410738
983280615
943783570
742054922
480812343
607440661
982594778
50158780
149152165
820141080
537420741
123412477
30229284
614317331
695141719
785519538
42422372
372358969
686767011
741829094
40526511
41856986
160910391
9192770
571400232
228904659
437676844
472626202
580603501
957011
440344191
296346990
41004779
988766712
938947379
573625744
972035662
440781827
573328766
337565722
811483328
311426137
312278874
449064998
430626478
660777222
866959858
769539378
930616646
587096834
181397144
141645211
145899523
477862180
843196028
876425054
904017445
777427988
935038282
686917804
224423796
997583624
651404392
933522935
615637511
797100521
680105975
581117302
876909140
236849382
861612338
92408712
877566353
394737287
53031892
78933896
481317791
121879715
89274763
806360403
239462915
170131117
84147839
927433744
819933770
325240459
147375850
735773638
400524486
924105963
25182753
943814032
113275781
782740700
92482690
444743302
142023075
87522737
790103165
915463909
451637348
825818393
619793984
854528716
316971000
976439628
556104066
915219870
907158282
665264674
524110338
198073850
92955328
369668168
238589961
972280090
897349862
641312888
540986118
145853332
492396402
99358129
557471255
667289713
504855176
18313642
974143263
822848717
844120992
472600772
577911938
364581794
808043619
39603880
664273187
828018043
718901435
89371655
339345805
731538785
316828523
542999250
203003030
978214510
690820094
611942835
55002766
692597832
769132219
662714115
20856216
836661937
431579158
202925468
816880108
583081494
736561293
361257725
188460935
273870602
857252181
754706606
979556516
896209052
332730540
289398303
694523312
634206109
835919371
338043304
976824176
875783440
50075977
645900468
907062320
710642421
369552881
134985787
413292154
168345519
860584025
727011529
95441128
97343693
359218752
197357040
541118130
914693763
712108965
50205660
89366968
731385919
300256686
158815710
883325165
822953733
64124550
35456029
360016987
376173497
230797159
785355706
631793949
961346104
563501298
245420760
234449490
416713263
355034755
398274263
930453326
841163107
346832210
665599006
194557956
137188741
619199076
198923012
275217361
810598691
220677800
522851724
75802783
503602250
145134872
633748040
65640983
348173521
899419336
939123968
36300566
188400365
797987102
178894905
222276224
412320668
37717369
306972614
482527779
511384297
450493421
633953021
476736844
162226967
538440916
639579267
99801179
520220888
398693350
608031161
724380248
258119697
378132359
692211579
980122498
531253691
349883861
382100189
821080819
17852200
8667762
503303359
776057439
60982140
731353511
69213711
88595262
904392820
191668015
289285578
830369230
608024694
994019166
945180582
299885236
941058094
245316194
650273589
372853661
403980831
943411820
273196027
158853819
792334997
857430074
692026956
946993542
227704611
447767911
277951699
733691855
437828276
833706931
935695618
915570452
809305612
487897834
698608431
763290170
686835430
199981761
712316196
387001753
701462534
651252850
294496075
469157851
654156331
573262814
672865064
581637531
238761276
663659803
605249057
495851587
874808025
955733728
776691266
711490293
645269752
909957727
357698003
824057602
415571819
540685236
819173914
530320131
906152766
234996381
303726507
738385607
357212448
843752021
660291364
552096504
928814300
565460208
231927331
367157685
398471571
844377707
34517574
212616797
425081357
275488473
204213199
321629200
261210759
57022588
992135541
207703564
741627599
590864428
216715434
195355831
547755536
835798587
733416729
71454390
322511002
332704402
258404406
635079493
453597989
334576019
621938094
374044128
456330317
506214014
252312424
607384914
556767613
541086089
446685310
152510041
744852497
638530292
918646859
472557220
454367392
884886509
466894333
105894395
997477061
295221024
4244274
919185233
68750833
304860317
677779985
989872729
441534975
316225973
366593184
458840434
951634398
709732836
930918833
222681095
409873046
657632212
436366833
642593911
868605164
370825338
569854125
792440495
511184534
719614331
808960090
626540515
310953745
793693015
670918783
25680578
239747809
495347803
447827515
853521353
175386143
749815374
174257302
308078676
211697100
605088130
379785785
381901527
949004279
163430681
951535855
964680609
602370839
401705750
22412286
987015677
558088606
200311893
909728055
380082951
258216139
213124219
103782930
159772802
98485366
585178433
592750578
80590151
923622096
789243310
314634586
368957025
945652627
250224079
337782985
111903286
500703837
646918392
243103566
259975837
349545610
580716744
964709128
858137718
618591486
36326520
839781755
698762673
222946145
656682078
504528610
645581162
792605474
225458020
689721259
253891968
935434606
703156797
548588219
321710780
235991915
50342398
492450422
940438780
21072395
934677759
166096954
880440400
200286312
852166485
731581940
942436139
239806101
700147474
444787396
540691375
532783988
415404911
511808218
261046032
208842838
10301958
630440027
460555928
387012611
395032931
272164846
651127930
546224679
768955107
653447094
12921007
526903999
69361851
175809393
857770385
123315494
801844619
88801336
255562995
847724428
838119842
381031513
175999321
170687758
379575789
456473073
166264589
453144323
569024133
375921538
986504463
2088423
47955613
259662887
681584413
723598967
172194678
543484960
775410136
238050918
259274991
697941788
563770028
245790965
172027748
884815136
518578287
141151889
504993724
462429836
284580144
576435371
273781205
331419296
878004659
137624658
575406834
425282372
591349658
536234205
629228919
191342571
604684438
103835203
484670681
158020614
427069251
417954481
317561019
361338939
363304456
693297669
387760235
751685345
941726249
998471117
677265693
753923755
844624560
305920958
28062207
258904357
887311882
805724877
600940592
508923882
316146835
301151827
583326132
974814209
623777745
32857937
479418481
755954569
470849508
809929759
447521049
805219359
52518228
611290003
551829574
226891400
473180765
521444354
745566115
686514423
952604769
275383339
258804547
587229199
176972928
220187271
547275278
93845129
398126468
128004299
558818351
731338075
882767956
548681406
868034265
245614751
267598136
467987928
661392799
569301202
400535674
872987706
210193707
65026316
107028177
455626099
107206320
749884965
70567630
823993790
876905216
208831264
630642231
172288908
109692223
536234380
42307511
938992454
788571100
383202934
551567574
838059428
269685309
737662857
722570362
605445094
724719854
989352276
344799040
728698571
882496816
49875421
687118393
625077932
134626618
758376428
449672938
147223976
63501654
314791393
147910691
135217946
555923900
603484819
923084652
216305576
30428696
582958457
174275054
424376752
323410616
240453589
4362052
692491826
524105401
27720998
826947571
847662661
9119136
685905554
136880524
581692869
755414445
812625626
488818800
297043847
436772833
898059530
677872950
442179238
559295491
179944324
880414205
462274707
399136190
233395547
838222121
493696281
310024299
502639412
979979936
294917283
389962052
567752946
204180311
181989651
636063556
57639829
788253900
222371405
571653224
548700626
452271310
800637838
983408286
455886675
799962944
84051472
587191005
886086720
403230817
768809583
983716510
6623004
214740705
424033142
370413957
692319814
494182140
855836663
823864436
269393726
479278449
248106329
888619950
209645659
983857812
498905959
896784154
899082814
690682012
563181581
442310739
613441211
2841186
690400461
118406793
218710248
74190673
104705578
99607641
401090656
902472340
537755156
330526304
20367660
617830810
227086346
784005988
597272985
569734868
214970507
331462380
338979816
461731007
615562439
943483397
116147127
926758674
92566151
626321586
548294954
880154565
115103144
41148784
435979878
202800658
646983390
350384262
974237115
443862836
420906071
671404493
304290156
622042376
843423804
640061919
425899724
173766354
580183380
599475809
833066480
90028521
867884905
27057303
762653689
13557894
274990961
39411697
341114140
890375104
130794976
4906138
926244073
322188656
802092772
202848110
632150120
395331084
957625440
276632546
312877577
121253954
340031568
432183001
460941569
546717839
5169629
284139845
740211486
240226341
197843579
705796205
460150482
403666140
136039743
793758068
392975991
593417398
917943014
884383703
186860392
49011670
382707696
489834338
890887803
888902967
467062046
708522966
76086271
529233848
549165600
798901343
339598111
506595557
162134345
211273094
278336930
779787568
170281090
108333382
440109944
141017728
696835674
669668733
217909618
900630451
243257907
761750680
798341144
581756525
933786695
114623583
981027216
269411503
642479670
29752501
336355541
169554064
157502144
937799977
869537927
314737846
789832050
979692387
653645916
783011938
596045365
65042969
847501224
498787022
665516718
119377926
162397854
383966685
664048890
769600363
894011719
998660178
863313683
199987482
824510426
291785714
577073478
596868614
793378949
359003301
914374884
279903592
266369695
850825139
576466129
445737932
418946758
607623234
631513534
37955740
705115278
704830207
20046853
369410620
614201225
629233985
918347762
406595644
501725202
766803464
378059807
104926296
797158090
903083421
329898404
178404452
202227812
574411646
191942297
403099974
821317407
800631143
724534827
411599070
182955031
600368569
1260964
397768475
245794944
222057763
771098655
216025371
645113910
560256787
997193210
508214506
115705146
951038364
321146212
197772394
167157449
559431340
739855837
243663375
391056677
372951032
749325391
718336332
721558321
861633849
802613184
299888441
564072672
435853957
483122468
465022587
553285905
40870674
791369615
191398895
524592493
75170191
497287530
904771201
916915120
461786964
968546660
680416355
744494751
509140060
377629838
570409745
717992464
72312148
232696376
916622016
302841189
963266122
174276756
867084596
117584666
488239419
319385201
945274811
181214664
409309746
601715979
893283182
696783151
665142279
865778288
7628248
463869660
565925534
979022440
976932164
965584004
236502305
536631818
314621654
503797983
944640770
881320400
580561510
347048017
892644913
911411525
192313176
522471286
753159754
372005000
999035745
528535120
157033398
647303601
958227933
876897965
619175422
857282282
399730084
375628772
329190262
880536088
939822321
589631377
177801001
588182950
685777993
487832496
375269905
298071217
27508287
269797581
946892227
231188386
748519301
740013056
619781812
587434902
281178413
886207881
658468672
761202881
962732641
381515694
689038108
61668223
976799471
725213044
236668610
861604411
109775132
670509577
552209725
781445587
224816170
606651983
259284103
782760779
562044981
152313621
82115716
701093222
519674674
288192992
684617456
608906601
251613504
726946606
251495317
640938487
311799366
793405935
349321564
1504168
533254295
78192629
639248620
989672646
319680187
195469745
79155764
349049815
255532551
171977583
124610564
934227883
88937199
468411969
257322272
778142725
699603765
81203510
236992902
196918114
20132108
393802596
382573368
667056353
114108341
14725333
640831065
316180579
861054962
756510777
835987536
551490566
812133665
396294114
278878872
596321635
623849588
520853482
466547032
187488906
556949196
542422907
676084170
141845976
517441662
808862024
901650743
417053605
112381021
746136928
953774887
672188866
467986859
246331927
401812752
776699637
871764987
705004932
684230952
119322623
264632298
471029875
539712893
380334485
85156041
144101392
148625506
26588487
701528954
871851925
854333558
976252814
593748212
465772386
61825696
433886689
247285990
687199084
510893095
524391216
23982522
338694261
718235689
521575329
437466383
882372355
683055430
874137651
638135296
595808927
688014854
864563984
174279985
429794843
444342137
984286179
884871931
751663938
693219474
715296829
937336376
430433779
438241538
665155428
774344939
400266027
442915663
628778724
122922763
86324334
696196398
128184095
732275241
178724714
62963355
899344841
536600811
941903555
702590379
958977115
195387933
227962563
848721919
931902129
607442141
615613740
570592081
537060369
29929934
318037044
299746266
17372657
950705617
443297460
171669369
673992729
843389070
102215761
129929580
533569388
237087851
13034980
651502272
602533721
974441029
726235575
109676538
799582993
722822716
521532356
476322176
309382925
230875772
103641321
824428607
625593269
447646966
341811586
37730860
308212954
102029237
229486029
315318091
563918413
185875275
562334688
615944726
356056547
767475619
915745151
174909584
706126909
219482684
188319674
870358382
622893568
972006429
448449226
226610911
911739533
348205310
744644705
210722810
83774617
53017933
812413797
31557734
440173281
20620665
976847194
14045731
635478790
520979991
513984993
113128995
346108850
101761688
324113973
257219480
281720701
854379359
325133790
694849359
618423540
895548987
182740968
997406458
322111543
512680188
938501901
324432236
799018519
275217467
921814524
151795563
397531422
704062586
36586137
594785055
400086244
697018378
356058272
864315248
41627250
318779542
696871747
534033148
922283733
995968079
508815539
519460973
418755989
37566564
373354110
402135650
891931089
287363285
114365970
10878677
772189394
621997989
141797127
155740579
838446155
398256288
90141124
191975695
573040972
1141047
885566885
178068138
526472491
4860360
533646909
441558475
848881209
772960153
286585240
821440136
819286068
253163682
906047327
748541060
195900924
997138330
639584245
918212095
33903488
598865552
393412488
737066143
590471502
594558098
320011202
708017970
534348037
865444464
348713189
378725405
243231641
141980042
47831811
681002932
517057303
749192405
990266990
324232416
117716186
310998673
528167679
984661585
862163628
291350357
641763434
180390861
978831998
931043827
10350180
488084159
848617494
271034231
864902405
811436127
417434817
96970728
137896063
294748187
493211753
412246891
614998524
887690898
99643681
952668544
183838473
359710871
275301276
562870600
268538071
441829399
40845915
751739825
681817514
752224924
631049395
707247353
956277761
298857288
165492698
107348746
477259961
370002117
261891492
838333527
387166766
567272041
225122575
400005326
757273882
753871816
688173666
288603507
353760551
315007121
133084057
385507350
439503954
708302767
598311806
520822071
345193958
827906248
336979970
69407156
112397728
982086264
515422606
199105861
544092353
738908582
587205653
919128983
486089970
386338141
588282070
902623908
528395439
712103845
127447642
183750499
612719340
743594359
741228844
274058385
919816084
294346810
194140611
549039959
971726468
491946129
979270828
560282041
390559291
387247022
908619129
224450071
266185910
763457930
506001706
402736234
421692380
487221252
839899734
122538863
685206450
187780890
865736154
374381825
974566662
614058059
236073032
68266654
877178725
564085926
834099770
330035394
438797251
680264430
531839166
905429341
303444034
550671735
629945312
312811966
622609599
150860371
444253701
974717661
355280296
522886731
461662320
431345024
874112668
725199907
407669993
110231380
996122065
340165810
684555167
133205916
455640911
55357514
125444947
997638405
237426361
777877701
558408363
391391679
425454641
841880538
627402343
778698754
690633316
206808482
299129211
98365528
389140708
122083583
338544188
573352441
735624340
53046419
496130978
983731282
419487710
19244997
582624257
521933695
861529696
514170960
737060580
428661170
36145428
877639378
3453644
999995540
804138213
692443725
335617676
188783330
761661968
774456559
859877460
55637022
998888214
518320613
741071781
698539443
562665037
917200449
837938269
755483959
385546015
394787289
314786267
990857154
899152328
115642832
979368450
385723171
252187862
981968159
995050338
870490325
969267789
717771400
534424278
399295520
468893890
976407027
390410292
218079309
662727661
549076400
922562617
43667473
681563191
283498850
404248268
958710064
226352753
677007281
91678587
339947321
975905699
741077318
599397020
284355359
863459410
248894576
320440960
606770811
692027727
54956910
252446677
21306723
160604057
947841898
110773379
739205350
520714558
26998038
703202085
807194323
442190128
338249735
878400889
671192838
647381220
109922360
449370961
946515197
539047020
883740217
298427810
741070965
247404210
95564366
625529934
661258955
570830884
492309212
788561451
270858261
45424555
867312849
600937021
570502377
953391554
963310676
621917644
807028409
235956934
250832390
174333060
279937097
287193458
381143042
245725490
963659549
762032303
157168034
263146487
269786123
23420225
13397862
525093867
102594831
93557919
574712422
603858185
223280801
317966810
293862830
480935438
319369068
106965250
268832566
7014709
829222148
17085531
180133020
918853640
416923723
685693500
223988080
675110858
25652154
725416461
959057363
503553155
749065783
843037137
792680643
839735563
459252453
65847174
271014015
233088536
191453880
623327243
960326800
425012308
617369359
566900296
466109458
324226054
696054155
297257269
677184559
115418554
783488681
686739709
399726274
270304704
776749918
738698339
643926084
962108812
15728371
553635688
828839361
954979977
106578596
835587584
128197348
443380138
213130845
711728991
444972622
620626004
725957370
810450612
66344939
168842474
264301631
861114930
821281515
596038827
960377113
135382064
70524399
94398574
236786780
125647405
583572666
901897919
263804579
578461689
175267634
971068474
820808165
210622895
890761967
116266932
26995282
687613228
62122662
967552319
324543218
774174143
358359861
750802097
361316946
264785872
126356489
378301601
339192915
210973763
467412216
896147084
778644008
867199489
450708788
744584713
454691251
780799739
549671854
380198690
554582231
891542170
877343488
871028375
116902961
758737296
363927236
927821346
604828885
449164542
46681727
174308219
554438620
459447458
441613758
397725857
854869338
800802028
432331031
800195063
738650552
432741255
386410881
603263273
705958513
496397584
737864828
594577814
515599186
42498100
694271667
298753131
807352277
527686049
868280002
188998162
828931588
592503942
753094783
800861137
479450965
487537505
894539857
717629050
307024638
687468932
588215870
81240127
930351516
310782964
547126873
557999670
602584039
251411321
776200511
6581904
564646382
545788207
825870812
463473245
150762650
378712677
717967767
859070443
653020160
826792158
558802774
175507998
545253274
287410120
215798955
839558116
365519628
148097944
508671883
359854009
817224954
705468086
20585834
652350105
326664840
590802428
190221555
361130660
481568518
574008464
823921165
480268562
243570965
927318179
422956113
35273798
619425768
468195687
646638117
103499119
705601375
848798879
87140125
276334037
715132117
892920775
583774155
697383337
303303069
433162518
788468577
5001400
992688371
250530503
338349488
935083815
178487896
103126265
467747991
808968788
982565656
756848188
832379528
765904291
900379578
23768432
80907538
338183773
195240924
740244152
628144306
354919202
335552622
866737371
242588690
940031022
938476536
362684964
995106231
927994474
62798047
959202110
154540518
366814903
28204797
357611761
141653443
938821399
750721190
907222531
526831978
979727126
810380918
587960734
425426672
130830954
916395469
328660321
479293117
876983340
681141061
380493842
443386758
899097385
434485147
334284792
6245940
174870504
856790529
581128279
917416173
748456619
891138066
410083712
539911800
727522385
145303477
505709430
29831488
266670253
845518869
819868727
141405241
562958686
892541667
138340140
943968604
499892861
618991970
264708029
509312397
702756376
364853154
612425328
637705212
347471675
894274527
315121162
74781636
338276111
925460903
376255371
466636709
634599090
85937819
848755511
524845387
217906123
975643672
945196361
74598539
483568318
13713567
987252708
461356215
982085514
20708554
895806887
68895272
993732058
890643696
37800905
68595383
805218736
806241180
465816660
957747341
24629584
580920557
36562906
220280621
997544244
557290077
70185453
391724380
684086821
185395367
712764888
604169789
935737264
502724134
196284797
25721224
301995323
217818084
504079371
287823972
72918411
110170048
59640983
745017782
486188881
133574640
445652843
392557201
531683783
217178791
186170605
544661629
766324751
692652661
370172242
837575410
972105596
22925990
587217815
89346449
733557539
999078214
199677839
121195666
778095262
687457644
65871601
176601804
222737133
65500985
832065025
288410201
255273003
252374651
182692245
249615690
89850939
214438927
820822730
120927302
992000054
524530786
998779888
320549848
159711818
655819686
759039173
649803074
889475731
837340166
573826199
675473162
875769317
54835943
480305320
13365750
443540318
759278171
593538966
223287585
728123765
56651901
87531747
804981507
477403698
338684692
710978650
639544818
435540384
676988902
174242978
975654684
200630324
293890813
76634800
643133002
393932458
911395085
939350564
711529138
871547118
786483311
568677048
584102330
699212915
446006031
121506814
227260634
557781295
352295942
804843087
788144027
172407799
961958467
233987231
91126931
266119306
696232720
156615984
433468193
245250637
14526330
168591279
804897672
998383159
159790537
950764569
417713371
771512756
968427193
155152806
517767730
141648002
605526525
887996034
270702801
317027807
588200794
101617661
308091571
266633300
792036948
681319907
935014164
927973794
414463483
270068699
151099316
777056777
300945911
182932781
783955574
679507120
548096691
53164378
993128966
366768361
158411884
257709895
223513935
79574482
740701548
377799849
672104005
176270961
959640468
549666082
100835272
282806578
13258970
830480834
687388741
449379936
978261881
612027540
524779291
112570104
612048071
957362714
904077253
19682041
440077983
186587562
30143152
947414225
58857703
196419642
239670172
880811974
994392389
840532408
662062687
109283360
334278377
898568941
964194200
40363667
493860895
906770410
476246206
557613049
311117791
824920617
144877075
398494383
728532540
332160256
909209933
619367033
334956988
245752134
671080926
106160210
21410868
126492874
570398437
905090061
458494768
34579834
595311735
645833353
70329484
210599504
218230804
84417566
149528181
524993080
203654277
976616368
850647017
633621426
430655705
185209806
234341592
982239550
180531733
510832066
43423784
929931290
879875265
460879808
866826227
896999044
216629254
63077359
891035471
309327960
289700576
514219004
718369960
713089659
368858755
510704429
865640655
947135500
575094370
147426331
855222671
319730784
194523408
45494715
904549869
73333064
348175534
965746776
432882642
958586963
145835395
439662195
351340448
945343808
252090483
97605658
984650357
119566359
481261857
137144820
943748787
363574827
933309514
922570290
493164939
103494984
295159580
42053751
340929622
362474446
570374605
594251625
21254531
134677221
444285245
585106795
748306490
313041756
593462574
29202327
534698388
612299919
291145003
925487730
685155082
24744245
764238205
564140273
332016601
75039131
598853447
256135823
775425803
612649907
88004947
742217275
32348982
225644978
394712307
744715857
947444234
899045086
164436183
225545704
477529086
86997990
932010841
519236088
936288139
617514381
235730787
777872571
89821515
903294952
738395737
325577919
98016078
944677257
334703401
637054215
191695728
767489822
952418089
427316651
122609424
397138331
919211327
711382585
643207821
600184321
126432171
87228861
148040281
526607536
795484927
441504692
296223295
319703094
838074415
662098525
924610291
944004651
867174899
914357066
45422874
410658493
340869353
338720549
846075089
581711104
929109718
733822240
990541731
379083743
638249725
9762639
798609843
986714356
159408697
232738866
13760546
210562595
617023816
741465266
533993943
444046055
835174543
698532359
124128609
760582283
725097696
373551780
350356654
819897414
246146638
920367915
566680895
933547054
821434901
951120764
78344870
923772446
5093044
1298381
854359853
989139437
558710661
903403159
196421634
436603999
186029038
789146215
759669301
167313447
299622390
424548019
38700337
505752249
304216878
6246799
654048814
897216422
453099222
223881206
849662609
588353844
506101236
586181269
939835338
37535075
85435269
662692732
452193606
601857541
667709190
214386372
444486523
969634703
815965180
352995528
291669408
233530340
876900517
289620977
945385354
76968496
875226687
500994366
369591195
708611629
682385502
817759752
957988335
162108525
421696066
777166677
115358798
533550439
353621676
614325346
688686417
607994031
678525515
671779116
487345729
901636874
141964689
842588669
138194152
828924524
657539855
898847862
212714091
509338922
17529704
598635351
507637594
420996497
125549904
41873016
906134335
983284726
95940640
347794535
301947151
119650454
878036112
402632352
488176579
330371263
480847721
496388048
744094519
485819164
623947598
167994955
30173436
902844230
230723871
523596955
530491874
850186983
960179491
236605852
580714561
90755545
98778583
991746363
821883204
10561427
136717444
699905636
269005753
647320178
204773528
580064105
483916205
274627509
263784578
444596823
306705813
965555117
881871372
433981348
170568312
578171626
359050147
898820085
646796363
377815867
301127411
809585504
225091056
139790784
366787902
839741952
536076647
375069109
763747870
618041924
40613520
200489576
153383832
393142701
352687524
278646179
53774902
211731779
521307490
390865986
622129902
602488492
303959857
472273389
953789953
109749946
596111751
525129289
610365007
681744949
543797695
453965412
338049088
866701783
193969923
309983634
614398264
951655916
18035473
755382235
96398108
498498798
938329034
462269666
921596842
87587132
754428993
60908901
889645869
833800883
307977273
987961185
58638217
25922499
40733514
271393103
263253781
5526126
651581727
887769237
871088548
569332026
3156004
230536609
297472513
9565841
231959588
221048363
737419863
143482784
517928525
181957951
597612386
34139193
922720912
360515202
146917283
949411680
145917269
751258275
341639825
324413378
809615408
341720623
458402002
118536444
454359299
106801040
626530644
178298321
667947194
156568746
68447966
671199155
764350828
348183380
513571285
513603562
858041044
65687520
590700516
33758144
622815829
358032199
554249256
766137981
691281534
445237075
806822348
446228904
906824853
988665975
874324861
746956006
385891227
300515270
830158691
147778484
974318563
457082883
618693790
412508793
191611454
874187768
484280660
533963011
307955245
922957335
96614394
925474689
688288390
640709219
753853233
284325817
966308282
337905564
520101290
676057516
976652437
537912313
621610966
932621618
913838864
875616841
660264543
157801721
86306232
517864694
214082583
658230524
586202279
270441939
819427215
760300803
914746361
300426639
892072436
667574087
622881752
524213328
870609478
992417416
892836245
387268297
985996666
962126675
891100025
523891605
720228668
534857050
650163144
760923784
272943970
545668896
814838599
47205453
497702706
724882542
399336772
414809469
223708730
562497773
122646585
304577225
663671841
482630659
18357693
66622020
726816286
209452568
491567630
108823939
713955816
599056048
321417750
294704662
46151757
184966201
304695611
304373935
409367526
234697538
187319676
616151265
240575321
153767754
339013605
830550242
321364250
470158915
732018324
400926441
144205202
274161641
601389036
765770877
565976726
948544175
770464408
114816323
542354903
149869514
666400647
68797839
124706496
888438343
811690541
822189401
638022800
544019149
402114797
889016860
556988994
608769890
586660498
950122619
917118746
460751067
127800210
703367438
358754089
121896704
63796226
189809836
142642337
212335341
578917945
128180468
279672940
606118158
585845248
150698613
882027446
445647595
462767744
681468894
814640432
337167095
254213666
522326868
323857324
367372002
912252255
833942616
183266403
691011435
213770149
631209653
920912775
59498276
6064277
853430812
992221408
784034716
607432885
295349822
698466901
884330330
803461568
605581336
836455637
273923782
720146772
262482156
285732544
992185568
859566298
31369781
926747901
141303273
898963517
477788452
62085516
401584889
707240965
761003578
634399774
87734147
730988046
53498481
831883044
325744186
837043841
881980656
746945244
423293465
884862645
184361999
173944146
441435832
263770559
585725511
100365426
98502241
690150331
712782570
156656277
664009633
542044366
520112562
471576395
784248950
422109763
143926314
937642922
295292774
667686260
405191248
591337610
890567823
269358473
193563766
697997547
319124049
630059732
135093740
494851101
214499261
755893801
768747160
439672848
322971902
24290056
536026560
207554159
768841897
928974572
35565885
981985401
301112552
624385883
155789746
311846742
80793465
84273808
462354847
965170277
182105069
32234171
880113399
12956634
140447448
977916493
194267294
396584
379910396
907809567
288253932
327541
594407662
68665691
494826673
645111995
24840878
764330025
31461652
588769010
219219904
889665209
106053555
219526320
356136155
496496271
747829481
31577280
797223877
890870250
915298264
377778562
255603539
551263383
355161373
443663063
987555822
648190877
359703990
117090072
353331513
377031816
505523571
704446623
865876142
133612672
46511041
255225749
86313738
11060228
703107738
630596869
548128724
702125071
562522157
920067709
595126424
524464386
931755821
63537285
615322277
762391118
958036793
568643940
593909835
657354973
199964585
647102088
874803820
862778313
368872177
678219987
157023499
482193168
529919644
782376348
256556476
622942435
408891581
829121703
270410906
897126628
130420400
250133228
597590809
729776209
773431943
789459472
790546617
807807937
796936193
435394886
215645357
178756236
995995338
130599023
223908769
259602852
432045102
926571617
13609064
440795514
642014701
299146077
436048758
832484168
201611258
656600796
33540360
377307375
789365302
64285848
374993529
220589599
677001955
594940888
524555504
91453476
897505017
979686830
906562356
623799278
718959915
323322599
799348288
410044811
765315137
286577756
315082018
133030219
686158762
737902216
408123115
345984015
134919348
979891184
971615680
261776386
48103548
329849392
36385977
771791081
149471512
627061732
795346723
891374842
858044826
647441250
352885005
125664354
941893951
323588742
37542928
555756547
642428775
352319583
831930562
659948363
911910490
555413414
451669053
290246164
979668909
851950156
650251578
952508474
278586633
249267032
564719334
505213285
393404076
611543402
480408791
959511930
968269351
75032368
115042015
229255744
553311372
83786762
809450780
779748400
551098327
435284617
130655544
484107791
963528713
277946611
119073141
199182767
451308674
535074860
907833335
603425341
602522167
615936763
388607659
514822706
548177558
749463360
532044099
344587846
807423678
454102433
279842515
859793342
825701845
671728544
701222090
846930055
619163540
870000590
281688746
876895500
963538938
476147857
146214645
257055300
705804348
258496792
259380321
187288054
18876003
760187625
454809065
199481649
901370536
59866076
140303781
400546167
433349802
663845450
57599154
325320325
945587654
666572217
173264007
803810639
520830841
349874982
871702719
578598019
263331413
362739167
135061547
955861610
64335609
121510019
609985127
219254709
427098153
965707278
578054953
476207797
75564038
918004917
378937849
944725726
775374053
329748885
115498836
881573866
8744059
917879880
677140003
859043324
623307275
17200462
13440854
190495670
471571722
523207845
152698372
596392016
60063697
423841469
508595559
31325233
256576512
890326926
948207520
87983860
445930006
487193408
585283753
379401446
119356753
159408830
584236162
726494426
549765824
983503356
719734725
994209518
374503296
875940189
368959560
940661647
843712872
857204867
983078107
396819765
953398111
657826638
473300197
19740906
417239625
683672533
640927855
273573771
334970173
849504498
150407012
537577084
611725375
148867483
477686384
70493471
840486516
949489485
702925484
278995882
579299195
476356793
176678949
509202260
344109335
640462393
148340233
404137618
152370469
521919027
142289543
265712189
864244450
186465972
28209330
528224449
123418512
696081638
236988530
181575058
881902333
365247311
301237593
33691524
307610733
537261489
815480032
469470216
206578462
238064156
529730267
269357212
139873581
25749960
422537301
510642029
244343022
305855691
763768082
431312669
352507705
859143688
102991662
122840335
163299032
689814671
65045407
608186644
331234575
891688246
218958819
444154900
145422320
544664098
402316461
683043273
851500059
770930278
224719174
365946352
937659636
50341183
536030444
307211516
735967470
203890272
225255023
298176328
235542698
807378459
720048503
942800738
346504671
303342363
781252146
255953878
377154321
755270745
774021889
878209305
286027028
330672755
926375814
728943264
542811185
347453807
460072664
608322969
797500280
889460971
486566507
763887909
393712663
808298724
877430518
882243233
468144176
755851040
351671035
678388296
655159088
858477082
616975549
59387226
42669976
274435224
738639919
819450269
558939130
460217470
418057379
781828905
725929869
331912484
834082466
375763445
934892451
22486028
928413450
946794959
987462819
907366043
339750910
985970191
475508344
204047817
185444223
671229998
109963523
390191198
738617382
752819053
999539866
123387923
184650817
210261537
298186999
61388760
466017518
298080646
358855782
503666927
744926325
881130510
629594066
703045620
900066545
841653225
325034586
242271543
593338990
174586761
577742080
866404005
447190869
540570765
442685853
77354685
27707037
776769814
334511968
324976094
488122978
123881774
150208663
254355921
559501841
290034216
854443180
77592908
501271923
123216449
154300233
946872160
835079842
980783346
450132941
77437945
689336794
839160752
508806181
178303847
728155647
9721057
951513485
783737843
760832026
552976700
339171391
461347170
875339436
188140135
67948134
13292803
166870281
25257481
679469806
22364352
474624080
182464850
966749110
583776140
831027461
634605353
457415172
867717370
621946983
777083136
691210015
102582318
61922285
179545054
139776866
377441874
49394570
289087772
285414110
672735921
25907575
532086682
846461174
343436321
564269448
978283485
938889735
793246616
300069313
702989185
141294794
142722938
838257029
903560694
242913341
384668852
172157095
3567611
674458848
744540438
947699140
421210074
631248926
881717966
364182171
199122166
402839509
328357812
896633545
381653159
47884210
482128106
532426791
618764927
349218645
900672516
66609240
919476065
803281114
541964472
304058389
871165598
275662433
946853831
75054161
402244716
713442779
557614054
208306670
15042186
719719540
422363500
911807602
322656159
982681903
488780627
852653322
91300874
965800380
875039038
192807005
846049777
65522771
102556816
62362632
541157310
892960606
763033982
625759579
126571756
791379356
363458466
242279367
680910957
655877849
857075837
22522637
589942707
849203273
67888353
267897159
664552038
373460928
317610777
90762861
561979915
91728445
529490734
514983809
6002786
673140968
731136946
951002433
839858954
902559861
602150272
34347795
470874555
928867750
265701909
913370241
522866238
226462320
750345425
709558379
54793865
351030034
261891617
139541682
989257550
130717262
167520907
990451472
802965863
51748054
924288225
528810387
201914804
379235208
842977549
788499919
930764005
498139469
752318522
539147794
704637248
437213125
164876896
615656718
540637905
857079294
925957430
684627466
750886171
243252088
430546241
797550884
351860416
387504035
47533187
986520471
367681920
903921009
112643806
547426483
