989764756
115756473
390182785
540782969
299886603
386739015
170590715
315749705
902405177
205875377
863394574
623661142
81636101
150943957
541290835
945086756
876842511
393387971
109561395
486968243
379129094
718250765
244289632
897769801
331691071
311585180
839267770
808787373
942200849
91770767
123650757
21152047
757289369
344319481
918969606
107100030
861752943
942311251
520686898
449141179
726003277
170379361
209294330
314186705
706145618
228079131
235123662
217195858
153504324
200956860
5632320
902565271
535617252
968026102
805856267
587881066
680664788
666094307
358897642
858919381
214398465
311869248
768845690
52780109
293682713
841080839
449171913
120216590
666928310
631971140
200459020
686148675
140862374
973135277
175791325
951713167
522717029
503614592
415453596
219692595
696266453
936971582
258799885
846865099
602124252
937809559
718199308
460160333
807741521
680363107
341197914
224282122
133854346
374959185
40756298
129930586
31622114
237694281
589533907
831643196
13736011
260587409
971784518
885520994
118407545
868690886
563695417
155807052
8289422
42189476
788020697
689259084
102374109
993855439
15146794
298747267
715292499
742105204
223247883
874105390
508781942
802825736
412714641
262963681
222274169
484562542
795817562
943157691
663447328
123474978
755646553
592492825
623415027
84847377
189141024
395729162
46267907
500894165
649984215
435700982
480583185
174305718
62954771
490429364
251223952
566077359
204838786
549994936
949801311
357096322
959517410
934500278
537625579
368723796
865079632
342641529
107226588
52772470
525543924
454961026
85769987
430044757
658205449
290260283
129367749
43182635
602293216
915527808
79929841
51109426
962853572
682680006
915177567
203920353
49847512
208785597
772970501
421754081
169072025
788254351
669511836
268520360
680209423
277577276
670311110
462492084
765856368
496881619
482271008
872789043
878368614
719235246
728225616
140281410
604171017
130311619
361076337
850232335
633840957
603671076
437950425
306876259
374341261
898272534
190173067
457232054
884774996
642969490
954887420
375415514
139194326
360547586
146456929
920880065
386788634
235923426
228588970
132897382
66949477
883974605
695159273
635387223
484957803
569038106
806094607
233449834
384515514
93968721
319383193
427260319
324033075
321705358
367082983
875685278
1444060
576696092
389709649
725805544
367836076
668255543
443698757
149086563
67622481
238912978
191704535
216774373
440727360
694723434
308471588
333908093
643532246
628207207
400121313
694735383
972991345
248018483
684309314
961108507
939231156
366361902
824340909
851918944
698450886
672272034
58431293
533172274
697880218
277902709
957693064
65450473
266992838
111524978
813101655
392323065
900077944
771765251
62366986
68740070
776709360
796726905
249918353
117506909
977777142
319102907
219913234
555059651
204993774
86947565
899288936
223503460
416874033
713715453
388664204
382797101
668489485
351366216
763035800
586681170
847674613
994624618
193513995
441735977
426595844
44878742
960274955
329484688
467223432
543460513
9922032
959947489
741775515
809390869
176098883
166056590
317437983
192514821
918547029
928100973
658723114
295948859
304451030
85210495
865336698
620491540
75584015
535254396
942861050
437098506
58166362
699206449
533753440
123461139
68306884
729566276
860440475
506541931
122492845
75935587
562332844
343441346
929068451
589251043
57233318
495452557
343028821
839185957
751099689
883536687
379019504
343019871
166099856
241547235
508679289
117777503
563640631
184877976
556921524
35835916
75090497
905005363
829850699
841550416
745038388
214914874
751178139
956117847
994766834
582112906
723358763
82525300
310076626
893838779
157071131
53792848
232285973
751097379
64086598
477448131
57464574
972878717
833025907
966809497
227192988
669496254
773228789
155597709
17103078
151668291
199797284
732954119
995257568
588286421
280413557
17660825
820160457
496622470
187662217
648871245
579622072
125901994
33299035
14054073
524007356
654512443
892380015
11707285
164827872
514814189
236139230
357242086
806897429
608132188
57102435
390918861
35929348
741605998
136084824
626670741
987588659
277944216
322713611
27683285
720827760
717019713
353728982
603060192
765943837
269465616
639829879
223110687
981678536
492183573
947043892
664619599
755181711
964058146
754979662
998772317
73671784
995596610
633017259
811417605
558562185
449546664
549536212
44719992
108421111
784475922
536948685
644891363
168940760
353785484
235836931
319934018
673747960
166127343
204281004
541761998
600517819
130250537
63199249
500505007
715915856
556812557
53861959
323243504
528197669
583455703
747991624
153502220
477578413
835597655
368480784
698864624
105200982
170899027
67534988
434158622
593441592
99633845
906867242
750860976
344430276
239122872
55244026
566514465
397466089
28817836
834158405
707744202
306293108
965870591
400103925
665729267
954125934
520788218
406126869
216768533
184103046
613675623
849695837
729065498
782556283
10022830
55897168
811937900
799770256
760592039
658813461
329799220
291610306
410896611
11086773
500904267
693570943
991593545
752738132
274950956
24576174
208037225
781460623
434073265
914686497
544808496
98293197
571742205
463376991
953816723
89656873
863679618
504472939
924037015
221161730
375023040
643281016
931625372
197876106
520965428
632030737
995211960
407530644
151156702
913545912
437336347
698163392
443274658
765995978
473328885
691943820
866970530
432255300
439665908
834871341
406869611
256572018
166436208
459375633
237008172
40247297
287345296
20434994
102980280
614181978
124406745
757955772
183006109
268481253
732949907
4711234
126474371
698708008
507417123
221466288
601961605
82910688
26996164
872948047
669666127
123306356
728690381
416270058
660235417
626576722
90960025
964819929
108950300
58464011
327252686
168733778
413365657
894174026
416212583
81929554
7524357
227382150
171061824
138353580
70624441
704788132
56981991
361480646
503786231
998204201
162490379
46611327
44982867
882164910
777704843
360343701
426070311
291690520
398770003
579833893
632936457
388263875
427560597
120343546
27250342
817675071
77549447
470850871
62329427
592959849
35774263
913491648
921797141
515094362
277165350
846566720
682317675
298973593
81289118
644645553
564303712
465174579
673827456
733699639
39832740
216524223
252476526
442143586
399106336
301664240
179800329
347310451
860417985
961943587
397438966
87761156
814358025
7684676
856102239
560031650
909506608
726523898
263520845
690826951
833474156
726739808
471633126
221801892
248293115
817589806
136387852
830057990
651050774
724776182
487758088
991138760
618623812
683295043
122010206
749808988
256822182
683425320
974860309
535871864
873845951
50553492
537080605
452242776
878712598
852584843
221213259
33551532
12182967
582585422
140320617
776710018
273893428
906106528
875459571
708047913
186662986
217951173
309518547
399816378
222377253
561391826
112215350
933324029
128241116
107114273
812944426
734584041
634805211
145493570
545487311
875356128
328300175
722552545
243188860
507467598
106834890
225155362
215564913
646236701
349536676
266706801
28866094
119859051
359685898
9798089
2780166
307065588
910363858
969621173
195443468
138176362
780612115
301109452
731806183
232080027
371160670
224374409
273512347
460009603
791899234
40253418
717332523
185437756
979764889
933647560
567920846
702679711
268801456
436478385
241742498
612274697
524878234
290597361
628519950
467457408
478689987
758917346
753760579
923994254
131170424
984872458
991269048
825731151
349952271
440447577
665596427
77211332
107511781
859519032
659922146
674663782
658365403
398011959
514482677
993717064
322743318
415403755
519761901
519951214
434748783
606061540
458110687
369943670
490009560
972234784
957403937
895372597
837197669
578157037
406058661
252128485
703004391
41113937
712798711
680422678
879296521
649607762
577430706
373084536
836402843
710273185
797331942
955281337
634589171
1097255
54292019
411072623
222798121
769751717
594051707
233156840
136880701
145400983
117760516
994746199
95309164
779129827
740143866
650600411
86073932
11352704
886916899
422599822
785666742
394066225
449670385
206331114
880459715
784022243
635524033
647169163
627233497
194876225
978817188
790598461
304953039
526443115
186115624
349802644
675807143
564461472
669072667
453407310
134802520
962615190
656132519
803887683
573538034
594951653
450558680
938056274
37882225
232858532
913287837
101644421
532853920
600777250
430550935
524778769
298482312
113705653
29459035
146747284
363355554
53327667
558210890
126225419
291078797
536723669
170954918
793135272
208828497
570590846
595149555
884376222
254821703
956783904
979945749
176548068
335721250
370587432
816504562
753934676
57429406
783560509
475816676
447792400
534730954
244987531
756795533
996523523
437454413
364739582
115887719
900209015
401234011
659390906
67992668
70488130
835054498
179934104
317655141
559743328
672239616
336949914
521240991
54693114
219905307
990861370
341868653
322739117
27328147
486708577
268718921
714281712
245145058
388759075
367689620
612731055
571729188
256628103
216158140
746697839
592110749
116557709
262102738
401563591
399326575
341999556
123497525
280011540
818979253
347598273
293079220
948858289
560108252
894596672
703072761
156578521
258883598
456174503
498613696
507711321
380900935
294933856
73193883
148763412
793129762
574841525
800814551
91140461
681115084
934702947
109780070
187885130
467597997
372283330
895951945
692534754
842244499
906213245
403611047
8604688
170892220
433044535
980823654
914186295
861920479
384771864
299722386
582452902
757261278
454487002
199795047
745919271
320286449
37024618
599346356
944327810
306217660
74743692
671884384
247725061
512463198
581157924
604731881
1694997
660549417
712633286
428738233
617247945
975046110
396975806
969878766
156566155
131977642
937800041
80970593
123157893
111843314
194615020
51754580
408631121
250271996
241988847
128938780
402741585
902004184
810561834
819114795
908226809
471632717
44790496
235470554
702664955
82332401
210395829
325998986
970853395
766594112
460652407
589058504
252861097
561885113
831804385
734844698
488483091
196018909
621334320
100417170
920418145
102134773
336305169
349702951
504708556
911199433
916258113
841033451
891109742
227554071
404364084
373148256
507987862
747084535
726386918
158979896
281089114
403787453
713851983
268151680
50035528
46599921
503215119
727413586
260680789
97285985
790049348
882305333
55520781
134564064
772214218
931010302
119433004
667082418
535947679
991230632
569931273
874884485
514606139
141440565
465263581
964854711
739009686
549322525
281494255
684305077
145666959
128211839
93231163
607178110
424703366
141545766
998790027
255232589
726518202
492778697
681688848
302178315
667813406
579384435
994058108
824921498
394649840
220773180
434547008
239177064
793842680
911803228
393783178
954177431
543261060
334712264
240222808
749833476
101430625
457907316
826654819
299493395
363382021
937664428
933269180
545547827
681859722
290347163
835683277
760073214
283557294
420260645
365489514
565263963
881911101
974836886
399286
34741867
373714419
743482891
103899746
787168499
656763593
149010675
656425030
695784785
219710275
477410699
974184888
431955677
276938630
566916772
389609692
802462655
296598453
369960572
953383739
557523018
933394611
128591190
330334421
521137550
484102808
50892113
198636898
23223833
925185858
423006241
577239669
810362012
459325663
541522468
664882919
969034400
118598962
411558378
837748527
462005123
300555891
741666564
301503448
272701795
859557371
662320848
52998313
622097615
500881334
149932759
289869688
652156715
252584338
683224391
38067174
27200887
586504698
107373457
840728451
47559944
420306876
285562672
915721781
772600937
19209321
314996496
978341267
414179990
390795448
746123763
186287544
766881812
821082652
880127115
908208549
612492669
424353381
200712371
771004009
750404349
427450704
790104871
977656206
292513357
892904117
149077741
736063364
357450582
747809046
859876244
409779473
296827174
781956888
40631737
496120487
447428359
53799557
952829108
578329351
686660724
353615529
316315876
861518528
387809249
218160281
626199221
23490387
56455238
266626065
375086777
533770468
403879069
78695057
699562879
283609985
365898801
843137090
888691120
192434370
802999205
345178294
566906915
486138876
41821558
378478531
559538855
122398306
942480150
647466846
232992426
217092486
612736716
702502090
435811090
331703561
459807150
249470714
157311997
650939229
712496327
671276695
493335893
861726761
513432511
623878310
530123475
635773217
805529716
289298682
398791113
198431921
710800755
657430223
258914614
576743218
228523182
675384505
563171054
22953459
560977472
133625928
7235163
53192418
280282739
555464710
121069413
340277517
452247593
863857768
744339152
24392547
128236907
232270381
818808744
334961098
901323120
244110584
878195327
158739575
677114292
358716832
120235935
83040466
578562142
607710914
308927727
722496626
745513724
147649875
561253174
265674442
857082213
662352609
492371901
339895632
557354449
383044794
821033107
443441484
947861407
828884779
132276982
109957270
594321171
319790997
10668799
391287620
401596093
712896625
153605002
496829759
72227902
264891015
259608757
271963010
773897563
275322708
449260127
200422683
640182132
626578040
191771526
318282533
157588246
544542651
690488278
286510870
658234770
279639040
2645920
528585799
870316076
658419184
68636207
99252868
803691218
259838772
457760207
881990694
314755001
8490372
141113096
874879210
803027925
529029992
127063813
70772534
123036690
447990446
387830814
531224756
240432505
435949539
391655207
118527365
197659177
238714453
542534023
318310486
799219320
101217845
757283089
844801867
960713475
321413432
57479570
350964033
156570475
27366523
400506217
214964640
760659433
47137902
425461345
379337801
353406807
509751809
487824512
758257196
846570226
388480210
336316554
124473857
195975654
739418126
600423666
537944896
804430109
942347733
75769512
240213186
447158488
760175312
219700327
839622556
178776623
295982681
954169034
574309995
893017929
926154754
218777393
191074345
875115456
868250009
650555419
739857423
135838889
737245073
443458307
633489100
29178735
324778021
361116898
68262803
522676637
672333715
173253330
903771076
888179479
25751932
620546202
56461921
446396879
637520152
653601919
76080495
821988361
543651850
646371032
690677003
805209038
218345313
196586975
146747802
780329574
864171943
857555304
537986151
564918253
542872302
211152407
405700225
520268069
854808498
146170163
6850072
850818294
618425538
342632639
504089331
272119927
867045936
775484658
768636165
336467358
130519903
587542838
93596513
803799663
403964385
883681610
236078567
827569787
334501416
292124849
229844467
823179227
63447871
421997224
61569037
373816145
484437355
416888808
972009370
124306790
19235601
197812044
191803289
64959432
313208474
465503437
915477636
405070672
685075483
475339656
41911317
952532473
689297171
913191236
870322730
628496699
812569103
877299892
210797632
175703968
237129001
302009301
319098826
199381243
283672197
993778001
751745577
234644478
420250348
573780748
599665798
909794308
121623536
890754811
475082903
60232326
432578112
618994953
95110405
846778735
766652360
34052297
642592847
143185656
894369785
538538195
400356185
190742723
784875008
883574841
829519846
385400468
137607247
663172658
318501476
680003948
108030712
901749284
931141123
459731326
857698303
794454373
104472382
169190959
147090468
539779511
745451372
668463920
685672758
137484425
227112845
548871640
519797678
637715283
690404534
955441952
737074438
581516983
939304115
205220186
753936806
638319566
593915233
29403635
257429004
314992933
388472981
192561406
153659009
137322183
235960842
960996609
5753974
629468374
469252221
670133910
554014005
608092144
694588346
632848015
740458281
218341403
138514606
471994041
653130181
530573024
866162381
977365930
415953357
146898263
390721910
525592356
53634954
461542783
601661962
663244092
47993285
748757564
753377479
17237479
258808617
375341801
779596270
781214093
511049462
825229690
404853789
196907764
369846638
847811408
73302879
908285725
772276950
496684003
933123019
578032137
525517512
771847367
178194201
591364058
785152676
264175732
223742103
724224632
197544804
528973296
390043531
296832776
72619282
873502042
735880934
920615138
254657572
22167816
23779651
34116719
58677430
338038181
777998337
397077646
662998877
204958623
585333461
307415096
561240708
877528521
467895943
610767045
741281220
893102353
473296506
727179831
36959257
216343436
185314063
523416445
22873910
590333616
540995515
536038151
795932679
651019685
706197660
106384574
287213855
913962807
882396351
747272104
74726202
420431843
289322805
331605064
476340050
11887153
213333353
326946053
893511148
840274844
271006236
375783885
852318228
285254017
397468195
820423070
395013782
330839308
793753195
483579725
326485131
245281358
216038046
794595557
569848027
417057243
450565197
689561099
255913272
447060254
687734552
635856379
734918418
790518378
221335335
212759162
783302046
636758123
227736893
792497970
227142749
760119500
269059173
432216645
172681211
230446176
823811070
693373675
529760798
403028814
135161857
413846421
400657214
364089170
283341685
55192307
448334460
656468995
14768394
147480978
682930374
412988736
62592325
977045532
340930494
694258833
469349984
246420232
371623837
635919163
82423181
683662152
509352123
100710975
741476559
970646737
393420653
50813727
254507501
724424745
215644300
555832800
468698669
834013381
291052217
950903036
381718015
30057236
373694807
6908935
286081435
635026251
950341567
522094715
290785430
174459143
184031213
12282668
54125386
732729639
202565208
951687283
214033070
442295760
292596401
362387248
84448409
742358858
217194290
223142903
968656726
211260200
298226133
764606004
745429151
76956908
742371245
550070845
792701997
65673290
177836034
286887204
434948159
102715505
48111423
776012275
361530785
771937867
301484585
619606223
769992988
236909571
269469626
935081443
999483098
443951571
84593417
202833038
49112984
726611330
331515708
132565032
47286615
447817530
749586712
951253987
137017186
926787675
541832306
910223326
340379468
249672110
792493429
947166832
335014983
798295468
451380607
882417791
478705102
150278218
989530459
433387718
898961773
991065861
781954568
138122831
65176141
469457113
676579102
871954936
433213733
296906887
803123379
162728453
184511894
735565009
526200840
559072389
93752679
406344345
194661754
484358975
698510272
773003031
57332620
109714228
579708908
495334373
397302017
909204153
642037086
11252733
237146715
225865095
732560107
253884882
37531582
21621248
381343007
223975132
305785752
9163806
125795347
85296148
837110551
857720452
700188195
368541881
217513576
751573927
164923849
558633505
48867437
654473307
611256351
17350523
629822654
475299850
244332765
672056523
198337991
258675199
859648923
341545256
485123716
928304045
902684401
960652798
941153105
75608312
276956821
81540114
621212756
669273175
742851006
984021834
459308929
2726187
380373182
977258787
738144119
83136943
452634675
487393305
956317547
344368734
294614244
498893637
735408175
274059181
44950873
372225672
917716096
776837268
404713992
571013399
462569756
88606372
361738971
588584781
100365303
365320576
458771746
994563014
747048618
809575251
655960858
527243522
132454831
661358033
185702152
451607790
304119406
137466398
377593971
212146860
267847880
237714056
105697212
485497347
142890285
987736368
649102218
518949743
27748418
185210119
901214581
745728365
618864885
830380184
670757423
66757302
870327963
578720593
262073389
774332099
289117251
111585702
425380340
540780884
37464095
659377420
71620019
347470184
221236748
936124327
21958514
310131461
768536481
513111621
198132261
480891733
867085151
107510088
518023863
792018260
219492173
533489940
668145499
485977012
729139102
499238058
369314727
346931824
16847153
393341091
791575328
467082008
720334306
269962949
124987656
187752840
346754735
366197051
43335547
859439245
702560401
287525630
571326627
575008726
391510581
205475182
189777476
420983006
726093366
691508676
792045772
416840176
885568334
175902174
268542948
524383787
355138877
802689823
898705721
540665627
930467354
678236081
627278103
134114080
920015037
254814074
990583600
216824127
117155712
87810910
386112505
239170368
451155938
68692110
784759688
355962794
681424396
542999967
366167521
29411297
380377996
879440458
255794340
869180661
820531968
752204322
978321516
863592433
174005586
780771572
661448518
687882568
794340294
290142858
71247120
73032671
16822395
915668519
102599058
485654567
610532248
868408565
36474882
201269312
321700441
542584874
250556577
745057768
214265953
26834319
195537450
189659011
145590522
504837074
777343578
926229677
846217474
769633734
261906548
308321110
941978539
65981339
47240428
806656482
723472938
601217255
223078674
255904280
888033365
637894122
153215772
466820879
519047140
312093464
975132634
447336279
485172281
585285931
736711012
959483666
527583599
727041013
44285750
52303457
977798710
14292428
751486096
146319506
104271053
257226822
379756759
891262029
116218395
651625203
521611453
167248470
194340728
682128607
201805441
54293967
577979068
605830325
840901547
527301503
406719841
591303760
426103935
487771599
241927361
657933996
706799861
214350855
38896131
409191743
231304201
19791627
70727698
202439738
208362714
165550118
451513517
732819679
790019594
820462827
86190552
887916504
895286876
122308919
645519820
514693295
909298078
281937099
837656358
246380042
697894993
167491047
690640434
184749555
956653319
219862207
936850346
889112455
578769545
311428108
438515952
264949553
912052372
2875810
274672377
54186220
58995619
750646790
355209035
284719111
427447362
696674888
195519091
116561749
134867719
578951555
306462847
918620342
771450974
597120050
240882829
317845828
323384376
878891283
615980821
658745233
389519699
701673669
850933610
249189061
343460408
158922532
352974919
862505489
972000542
487318864
628494766
426906299
837941182
282491951
298640146
965463059
605610385
820183195
822267908
640026386
673648445
841595619
338627764
237292946
884720458
203599588
991767795
598762303
259171311
667588145
569971518
566987943
395348115
243571549
213872218
221282236
583946050
332167619
83948298
471321149
791059138
365982708
241650777
309217385
618877854
934684861
659270389
233875653
905465187
944349260
33567856
506935219
686104543
109865613
972079987
279699547
286432458
69388514
967634415
342793700
659733470
766812864
503329549
244020551
638667040
288476623
604984625
331652935
671798827
340065089
273457048
834700440
953155297
385494643
813381500
212911526
703402290
754658245
75417770
707029051
270647879
859630926
281619050
375913048
92796570
754824463
106076094
370600795
841407269
855506638
49120036
454457935
656315249
726887651
49059347
216492322
108118103
728717452
23611533
204979672
51383366
158711090
622758372
124557690
411935948
256168978
920684627
245339847
443868751
233556540
789153790
528303282
522916758
942180517
858414826
160575135
223877643
217509688
573878429
326611795
569259596
840448323
267924992
27509559
961814324
748348438
109781918
30528242
957905862
446939549
246535863
973985875
336715742
558790059
259430696
306762487
124160076
282189376
750264602
989676379
117997149
751298173
450648471
242239483
270766875
455777206
40866755
511293467
290890730
794448362
479402590
462110493
91362346
106565414
138772735
398312282
919923892
528813784
365892023
388353351
42832002
352568324
990155171
886027968
395136230
869770247
746569692
854406166
695312137
787649747
521370992
511561829
8940486
174296288
663015421
372193205
697221159
398971595
984936434
289528791
389881445
6825482
620869778
607630612
165357873
552623243
862798107
825213124
125441582
845582096
846458489
699978393
315384191
561577678
976909548
767793341
410975532
143630042
542888769
393675338
227483509
78067015
201191515
938456706
884038559
441917939
683712865
435660568
508427685
220097396
722900668
253118970
16668314
232545129
384277489
779454307
759940983
371840991
295413725
677293613
710333608
937603962
730304086
616197906
904726013
49307092
273079811
763997615
309280944
61034465
604981892
616903126
32376756
4765179
204567052
938095496
703014515
462993736
712388671
177528449
948833677
544275562
714775911
542139588
560614840
452777036
368149220
158451768
585980843
335004130
806790023
436283280
220342082
974349091
344493912
48862030
935088096
797901182
295875598
313675108
307105052
647991152
307323973
992704202
380850610
630336203
156195248
167290243
454521168
688363513
150469690
299825312
409602347
363633299
249059772
856259677
235823997
77535909
135556227
942279974
973738479
80943088
519294772
353929099
443808596
915186313
447809040
889227598
781471232
316136189
996913803
577652850
221080475
847645202
312306442
54145711
448137930
963162685
768763079
511958779
333802412
66780988
662464680
911467475
789103001
660525802
772706577
342143761
128733700
127969177
397556881
485886035
23974897
829115598
627021591
584952157
29289440
385455498
752623844
259042411
971947156
916560650
862763701
457226809
745075123
749426090
253223343
680660233
867560597
251123064
214529255
510270576
394263196
718167913
921052464
483575881
272349741
335187375
471019002
571984215
48536495
624906604
194498516
897079085
202475721
302774060
766720620
69692131
406561721
236715050
878165729
808250107
387903859
797874825
142775911
868417712
210225604
344427967
415251365
653632223
48782187
974801503
99129257
235399976
427328252
249540968
277259337
958128460
412156609
899213785
562970067
692260249
644253899
406765938
8622679
298344500
648680422
653245360
307086423
14723757
616377968
83158861
549023791
216160555
904618601
72197349
631248989
600401162
725923871
401338828
216593684
30565674
188601396
135735583
532676981
204478114
887027750
896218098
593325163
710193159
637000343
674500679
527079180
454574436
357687115
224891773
137066236
236517311
786761957
193381860
634179969
585977386
148224413
320369985
735323877
185214751
374663159
7121859
473411434
45437990
382805645
78552279
367189843
736681380
86024281
219394998
248758289
58741838
158780804
17125077
312670025
558572904
494424561
416391690
341125327
426265292
12820088
80556636
259069894
361130657
155342263
198914651
789545622
974041789
257047317
89779827
919052382
415855238
113677825
488400315
342129197
340111474
411088189
840359224
799312762
386186462
623345168
217332839
56086506
230849979
501088958
29410532
298713958
52049122
8884383
733935991
412137793
61839262
435439692
53053747
140148171
755833658
816948355
830335097
509126833
584297947
327655833
351000663
768959583
134616087
808585933
462579267
51849675
513781426
286395216
83156834
609618190
370262824
541929798
908372198
792036834
206503996
103292368
86704951
96292144
28530265
654795444
214120739
679686111
617941878
256537598
883177790
282755265
185048456
743908773
248363088
728592398
699203649
986316650
239361020
710439124
307494385
65339820
742800356
224960814
687066897
599555894
894932267
538186829
592920226
230770997
732669190
378920274
131613710
356363000
485521690
199155110
722841907
390687274
813062873
218699923
628153817
79521540
501462572
350821571
11991322
116867816
113960500
869776177
718093801
464960590
171531250
844837126
315182987
966127875
196847076
54036353
630817807
772661840
670074489
189721040
227437705
997407021
860958767
584886918
794824365
537620378
467582671
833435916
240271111
620527125
528698139
314395629
192992620
215059882
427272870
536625002
214203577
791761004
153548580
143526404
299050247
417816250
73025475
396215026
642298028
494530920
474948287
836662058
510903178
742764681
274222319
974808373
806275595
429682328
423555443
180536221
372041716
792749648
217972803
604810831
820235512
807471375
334110502
393677725
775232914
121634658
389738943
352145646
471077888
949155270
794830210
865255557
668901179
218044951
989182182
260435148
129694193
803841226
511523539
483500118
275632747
948064037
927762909
861329803
791695559
626776769
148959200
654263152
755917199
639852640
213780101
690842286
968002471
778307631
582226390
960186187
856207892
5784645
30438222
945362032
290781918
640092046
221921967
840903384
760137048
997331658
369023655
706529256
749435539
631005037
463718604
984062375
30480991
661166181
258729209
642162350
205892215
260167215
329572362
152560669
880218794
512339569
759760984
450977949
569817536
315611559
948925610
131805652
786626541
458372385
60592896
861063920
297724383
585047640
322132928
156860252
529429354
215432512
549191300
508973959
83819096
46350270
272397223
420159733
750943630
102727495
457788038
971099851
493124485
554848758
666766020
321837661
156116695
400856345
237507273
392325984
173990296
752133603
570923330
239047822
99034568
268133594
737172741
304701193
573832832
928312959
761461439
274141289
935396750
212827504
220602884
888069282
363618220
250451835
354716660
817995185
766302730
816039317
951845673
334789484
925674836
958768380
301855717
641051420
37854166
502356238
182340556
527795940
281103036
428584199
949954686
858658254
369344549
585551380
964095855
168697517
515151422
412236254
59395941
171950773
636084462
974103180
425536128
41024383
911824253
403470309
753870863
693840221
499454638
738820909
20068486
735004824
201753290
455133743
667295415
414308072
268133110
510952608
616233217
296235683
691121504
179113100
973437780
546999446
710634047
51923028
415728433
677816985
464515962
241762014
203731484
886126709
111270744
327360349
52007676
985484846
280019251
32704307
588541363
685182555
594321285
241217013
817867865
617768780
272024220
699632457
110956729
63271357
735472298
239778004
193971303
600704227
582794518
321185092
296308823
442847350
972554626
347991699
253222637
907373356
490239647
625425992
409669787
780189477
209160297
347504470
372696320
34449937
104003765
955850232
884369977
406743834
12117583
294376908
316374903
271950804
515649443
461412609
572941579
276920255
58600730
587020530
277301624
97267016
91475720
52095312
77746711
339220150
895200821
316380479
44268883
537818141
531285418
360170015
246131270
514232856
958476285
865061325
723986017
62601604
917139809
114753986
567719935
313464242
934575640
204355900
132987722
842049717
254726868
545669000
543509245
159440775
579558730
279856837
215367063
948405419
228844375
183744830
914303999
69793105
942774556
193097153
330486713
359419098
810674080
603824438
537531452
594119471
541356234
332670770
553989218
510645415
607625552
352092723
431645298
710663361
715817038
16611736
935007131
592323196
133175649
775572874
173808280
865050991
28240713
315045304
314300106
575542021
333654544
270322868
318144865
675195151
619856146
753723708
476876753
630774159
47485412
796432986
131650638
258612309
720463117
162203739
897458537
537057897
385354945
205502127
223005898
306885670
797392909
592081818
995432887
429443360
176715642
99709674
790712314
558131299
153563304
855074368
981432638
132531069
189303621
6513700
582406766
881318806
66636951
761259769
343218846
9178635
688433405
282954033
286552605
933340507
590889607
411955516
752056844
929786212
197795582
582668924
774447131
486677100
137025749
879619236
336311111
531928733
134802632
253425570
895633950
921481443
880625032
691366691
922966665
86132939
724001738
450831672
85475696
565579085
453724483
796841371
833300758
850391687
222270393
330683033
96286240
329410987
75208274
998845961
950676095
201177998
964749661
274578324
78268873
173412007
845151309
448490171
25788934
699329778
779800954
913422480
845986515
8075265
79586040
463361448
398852048
699721436
826358674
89833140
780130404
620489823
8219545
215005959
246621225
137336317
665284834
421230866
986782686
158805119
865221149
22590947
44479586
743322191
155180023
529846371
173769567
158046423
640380364
402949138
309805253
844058659
458566816
643523217
17968540
74891435
197156203
689184671
264387033
602232054
751778060
942212251
495379707
233422819
879243139
866671354
308090239
117613998
829838193
879172739
519175916
591671570
355596906
480331358
705861187
871103060
51201400
304768549
61739105
359994385
978269490
32025492
977999951
514238201
115420154
824046388
535588126
654946312
399707906
427077698
948788031
108066535
154372704
238251530
427160429
973375964
317686804
716202594
890940421
972511307
439150050
513750521
313566991
535169715
494193837
966592752
913312241
113936432
598601568
400842907
196455686
340891208
992695377
635187735
152164171
111374622
434151865
290042788
776811897
486979458
359741881
973023200
415885532
1892451
181085724
975959072
32759328
715227304
537810426
366209275
577764477
66824151
55122832
59059306
171930757
117311106
960883580
925221129
879481865
787330772
380512233
727921583
9036869
490256277
160930005
141498852
907071769
688950992
512856987
626433844
134619503
739157731
350732970
755799149
274132043
876112685
234006355
297450890
59598155
379982876
875239326
888997677
605946721
486587965
128179315
777022500
567751627
374697723
975746165
380505801
225660252
656665824
551747108
766814166
937176967
774794546
97455127
371455927
700587020
714234612
477766054
988639832
982609253
337347506
908390570
424087357
649147300
664678008
774442488
89650690
746940038
959079518
47089338
579040547
770225115
883353627
202496918
394690456
861530055
215001238
973526207
545456951
355852628
956417761
375690654
855034901
508635501
383720586
327730303
190729418
720742595
71441640
856443115
262066344
320488420
849439442
308070288
890281082
460123343
136204010
389323710
514118500
337660608
216236655
889117102
467197813
988453508
681951589
615852604
560914493
411605437
902890821
721060453
569599672
80327335
581900668
556790530
305204949
49852043
573278651
921784845
79067738
1782525
170092948
47454927
373070325
615466059
37680347
741701199
296026871
548906487
209446173
246264011
274527651
148965774
271570852
663302499
488566720
369521221
252552624
650309585
596479415
715908510
329437209
676747105
501154184
415564291
701759583
20238400
749778988
880246927
652121623
760739412
24169586
975314369
515281740
457142750
250440045
925386246
263928940
226209690
44029994
927387629
500078926
811479057
738514972
462495378
568799388
820753873
854935420
530635997
929946373
588082266
165570085
64999947
252648251
483102196
518154187
947459951
212071798
422482313
902279051
727897332
138735270
995461788
413560715
435696678
620129595
76847391
975699273
72230233
707922155
26082509
879851926
47977766
154446071
515927748
75130759
237052052
168040121
621706731
163322242
880547615
886909157
658213717
950208708
348231318
280429204
6872951
123304983
59678075
262083021
347131558
458438981
89839078
347263715
881064766
832213486
158807723
843430437
605218647
73244515
534281345
149558896
377557665
413800918
579439991
578077634
308417043
483234322
797203280
261012077
23915229
618186011
216734510
713767777
668898496
508962239
20335054
220150686
747533603
273224405
116957755
764864367
836655296
810473073
195800581
745757621
208544819
124022602
357072669
115794382
987389701
831946911
10148086
131901295
998232575
941800536
675723749
592454951
76880497
975521757
307546394
666514800
985507108
324539368
303651659
29491658
62114583
209123771
214312256
733470786
555870368
963874832
645074227
311648271
56252286
191761463
630296849
455983344
803283460
82973940
613292319
309380155
139773901
975632018
877931807
189487177
336762218
467295756
709476080
623293652
591435215
92669250
53633755
105492804
80343384
572985828
708575762
461702214
270325030
88913701
751608608
879038439
223722867
732302946
354155066
771307761
785254901
832785079
349498898
249206839
543453632
86374051
895963064
720681702
560775368
473286939
180143699
869318561
447366532
429979096
873735110
234161298
278668485
616571639
198076187
307397063
842753980
298086646
51612056
815197155
149107666
842290400
418886754
524794704
363627466
263287213
898870299
224333529
480635323
459664043
405947023
229611147
291356937
568025751
62374579
858870374
291033103
466708844
233739877
253319285
410103170
93835721
388557498
347197545
575386599
673183239
80523588
329816759
967782999
544662355
595083805
236423160
136549893
713498055
211822865
922463034
118540012
881709577
218546541
731445791
870311261
839012843
493852429
267538786
14736003
496435926
544820266
278734732
323841565
950800438
132853198
285190756
771911753
142728786
11159947
246919897
849075515
581742944
745526918
338337277
466144315
859305520
572456916
225736869
684917183
428569039
645070174
148634216
773242657
367559288
674440108
758668415
263177964
638390110
389278991
575654926
445395715
149839198
855190182
350917950
213313007
109944618
170077787
974771899
491025752
110896787
521269018
945609143
51358088
95326418
445527978
699889054
572191984
680832142
401732179
163361028
416875139
186921694
242368677
972696981
707735758
912683038
114633369
98875574
171104089
487096288
388210230
274813442
233012298
825041574
662352922
342381219
353377561
539903544
860911552
937162597
858592848
294351779
971916122
556022712
911744857
71855535
379964801
399938989
191579937
887385407
50278010
660480362
309300366
228413070
757727994
145931581
537043757
241614985
300203368
424845165
128869481
443100901
788692578
548926791
203826813
511981513
653355463
126963776
190095111
271814691
837189158
706712052
46611351
924400275
247592389
746504642
726719302
625803990
594211857
808437824
563538714
63122160
201170508
643617985
273520187
635134253
126664240
265434910
705206944
644508290
180557399
895537409
345929279
535403967
86056320
745905836
498387514
658386351
128347017
664328705
240359818
261959162
123876304
148894418
292210884
177884967
597593144
183270294
197187156
330307314
667421316
487676343
116770330
784284176
559537270
657950882
711826581
409412901
791698779
246619779
925719999
836000795
487407621
349538528
186443251
994540694
150336393
710966901
259469760
597981084
104482300
228327291
781989292
364414507
350612847
85412374
910801325
65225989
179756817
820164337
604976588
613839541
495096992
772755993
899299955
370214822
570924479
756953700
628177350
390459257
620108887
964311705
409168856
404701672
879874300
974533939
630804844
338693553
811720720
17332420
776780641
83281566
262413094
68751728
290654604
152740955
367328015
577932892
514172752
415853382
808850711
433877505
467885951
297065198
293699189
457441989
799707131
225740811
257782376
107136731
37353876
947112483
879228978
976014787
470722840
382872720
44061008
770078402
140810493
558482668
285687992
287894533
340530446
830482992
198754146
773973209
120882980
831191676
204016399
255876039
159733641
813747700
918679809
281841390
865338634
352969551
212727359
256443629
422901440
14932871
22021887
205598360
293165050
109805441
528306552
534958221
920943276
148356347
237871013
558401952
83443893
738260768
965267863
390236599
1084217
958128090
995137118
747205676
142578803
712012422
145576512
266924578
273780037
723198089
372143225
241793665
327200913
100819447
940982137
625754517
490799104
903873237
1022830
269349135
500119314
180088389
207352423
67839195
326229468
902761482
838168627
242288968
784166458
342493365
159907894
195617626
462941180
457854449
286491911
117546874
676684971
23203175
628744710
329033123
685622546
577063748
404726848
37627639
765463070
237360786
85180241
110503796
632952628
856232223
196050438
638216535
280685885
338419051
869250851
580965675
1398420
974883946
346712719
399527071
235310039
74707976
877751773
213048336
386103439
583643523
391980434
399938307
258381121
458070685
149180320
880151421
44939773
601097161
379480317
571746302
360385494
900369215
799820954
453908408
702417850
789435302
399604599
742757389
599487415
550630058
53204307
375127563
89053955
268888463
490976614
259549750
640396240
269978132
493511780
250030623
52366500
239762415
5149922
757438824
320504385
974860356
475980676
609000649
629639488
728236329
225510587
433532790
731244597
543076113
807716547
801356618
424031178
316693214
310482590
210487923
834226244
7481627
256841910
964529747
64756945
569028615
23437044
558713596
9044381
842022273
815771031
214191757
444022949
338973871
533890906
212794511
93465169
653571224
132084092
964353415
85680446
517422878
506381336
328763307
263158924
261112535
425277214
411660784
128342084
537471681
754928075
551947333
844019505
625810372
304400067
337531722
621007084
143695037
278086260
540088310
219673080
469157780
365658724
376376427
837108375
164440180
92153702
355450845
188695137
220197789
653468106
689366663
202405823
89164885
800198699
779852749
239467647
13034536
223833680
662823944
402681662
95890783
236978887
121350480
185814026
298449415
213895541
585222610
170886054
285677024
176091021
706396611
536404418
930624692
412375593
152025662
810658332
14033392
995288720
646721794
881382052
106272883
808596749
703567743
686411754
632472842
421384962
920836456
8227945
105598243
114038897
217863527
13847318
141292111
62347120
527857680
287761767
611105738
745613136
760109940
174533655
989125361
571932304
708218601
538135757
158670148
780258126
351352136
45361526
927765957
716550127
458106879
304713529
944434479
126480114
114763759
243743363
912964684
650360437
811499789
390426668
471084758
794096156
241166210
188192077
697796075
840749040
229387745
215207448
904453609
373473225
677979837
149725686
490997796
306626671
728730020
948973656
250680764
745464490
886722862
481024465
970118197
119010167
21802269
691746532
645667798
347317749
485300456
450554363
32389570
52642449
84472857
212141747
844967262
312390855
608866349
94781942
492234749
257272084
72430037
990565422
304449335
426276911
950025558
718927954
931242577
618990153
880583883
860562393
750623386
469407468
576807961
205262221
831628793
602284859
38457757
73265405
7155088
524334937
300989447
675777161
761569874
154093851
755335725
242861720
959357386
726371261
991237831
372896561
146404967
337679943
627123252
164301379
116376722
294290617
412164480
728309492
933517848
915239108
463327483
750623009
353126651
284867426
239037390
85739322
286129805
868231419
305349047
113010656
686317821
645278408
296957105
725897788
140664259
137760357
187876973
778014882
245527559
385980592
792060821
114832435
733741542
648127982
181778069
390086731
55691488
705409551
223440797
218072747
514182586
353952954
243132186
470994283
828979757
34522387
356510533
575529909
884471399
138108079
509406610
50960046
335643005
657127553
304059232
162525091
783528007
990790159
193442208
290020913
180011010
532201159
141513005
333685487
731296983
718013283
403744224
627377204
667150124
674257763
104177629
7347847
488460755
825186414
844567028
144943117
823952728
738181818
951377820
189733373
610230202
326465631
578157057
510944781
40850902
592841477
592994831
76091410
490434333
37836070
494447931
237167026
66306157
462867699
496228693
736362078
714801726
337140160
188070890
816633735
281845849
506903335
917664059
264469129
472233964
33665996
117904885
517687124
682705015
960139877
713615692
550131342
746541605
177425090
68016954
456642645
791196887
497393324
206236175
41742729
591638625
659111902
964570109
604414769
761302603
733193216
992656941
717155860
496975649
391368130
782982714
141740762
503498395
307121936
939481853
95359948
182132725
716101302
537417091
578050022
59172390
531295796
881861643
421153653
354832673
362238098
33939692
867207191
24718385
807597825
267496615
758099691
691477659
832623452
182279591
104191525
753627862
774878470
991879394
554420397
833790884
797511141
7829787
620608313
673968960
608895005
307362880
246546826
997733711
256008826
246571378
337388317
972642264
63244826
600558683
745021847
793208041
578998547
456825941
329938966
188360584
802926627
207611058
303116009
362007999
431977257
190228961
926228703
237123484
93342905
612135589
779742753
27397431
590269170
511005161
122194237
619452390
437422971
962539210
40873927
531696058
370828391
504152854
880668499
520963965
553126183
276581586
680958578
521365858
536747141
751951633
258473167
559086505
916706899
856199102
516941009
877579856
564253351
645384139
315248595
204570157
154538476
83006536
3290892
314135427
664569083
257131503
552066792
616347271
2488023
100013773
626706942
31793600
775048500
835648125
673274447
624467586
544926930
548179350
116276147
686461889
190867857
439212523
183230920
826603448
854890114
987872654
756443090
869919488
44077905
676493510
947078710
454852230
879584201
607537234
44002449
705490868
270321380
514525909
300494093
508900474
497345331
685767267
206283364
658874166
33851473
574196775
453408819
269841585
662188366
450158142
228446956
83711026
347475316
580247198
162184118
835063642
642023178
139082190
74284948
660570018
669635964
359487497
477789190
751250506
152480601
870899698
503628871
816812660
381561847
546995960
251414898
964572580
683515423
428726876
912186792
403667806
214134160
710353114
491243084
104321321
612497739
947815508
611135999
252156359
694182138
902876801
240968966
18094082
68171566
578821691
355891599
444745708
979911270
894428192
41543315
728302980
610802573
456950511
164968288
238071374
771572232
119144227
246981110
527589848
307382341
568579713
183605000
245569090
280635949
238117183
191659180
929339356
644948551
178183163
14454696
938254509
188334784
471299971
170520449
415486616
172491654
990884153
640651727
563654830
134233409
760865458
759429056
466215645
518996959
222881110
190273778
743801843
460503858
323530615
749142851
77708445
4649975
485119435
192950617
195302233
473796003
646706931
520338956
734087597
439928488
181536927
780836420
899667327
451965649
322064092
523231327
253702086
712500961
555437039
413548951
827874866
935706275
359521343
512805535
285178385
561151037
432426333
448499533
716098645
529834472
826144250
968746166
408348806
280909270
643791239
333108086
659425384
93066394
746182834
23773136
457765168
433076310
796674965
116632625
838711690
939668095
659279943
387177644
730246458
56100851
326402386
200598157
263304538
282884721
998984453
229292236
64887850
534006161
478858332
262484333
262843064
497528239
384330044
207192101
132074455
853880686
323739061
820860362
78168642
137899835
513595037
440890337
532826864
561787567
142453359
810560098
226932941
853925094
332252486
377009906
460567143
328429861
566048960
19795725
190537925
940275503
944791589
18564150
285945950
116310113
202377557
12841413
10350433
780021709
866929776
417080020
748056493
108346340
761485409
207538191
725218654
438872371
428904002
622446139
974452403
825085036
622120905
931513961
755273788
934282663
5654155
83137540
77263263
472050422
878231504
89071786
944175714
281697899
62117394
212141677
332869731
192282764
904944102
675657084
757995934
940459473
237425165
708310351
269121348
829599120
880028794
829450767
560206402
434965028
136616689
881907276
360974617
930613840
990513822
899690986
708743629
673569487
256031351
896782423
980005464
217580098
25727620
976053685
239455485
617714977
314851873
134934415
38468848
228029432
822212471
647349576
107159978
280835836
257667991
184254235
608468423
955979501
391235905
260823880
167025476
288929267
680760031
524186597
12973815
446636407
86308375
852988628
743016011
622110770
249132388
278433849
774789177
107500675
176638220
933252613
56435751
260634676
989204304
727848319
736251884
743756081
668050238
89400539
161414693
388051845
787998937
222789787
677688616
746089541
868534292
779181486
875263971
338315683
103030744
266595413
712266211
245434822
967279292
104572451
906752136
486915391
546625519
605611653
721461620
126098580
838042209
44872009
743952581
724573323
944270131
684523866
24942612
462082066
862987330
89104364
223961134
105215261
285542723
833946109
294838817
324668782
198027611
239314964
342876463
7638697
634657048
653965286
125594035
464295046
367700849
777045250
700651296
621534653
800591810
185193423
976003311
26499903
343150134
756369093
207355789
84129747
537188134
257437507
894562451
546362614
646724043
530998895
536076622
326083546
735838329
5883784
238581939
411734056
86009070
391043004
40240826
225285563
814785763
688325244
618888050
358269741
335436490
420393278
931075585
355852170
711285709
55796931
303875888
380322670
796900536
183979135
647273680
807598610
836317291
593713430
498736112
473257424
87414796
196574971
148742598
575140242
736527777
904798543
447925966
326825535
947234333
868013137
736527212
275082010
787206495
299102296
818877089
239372208
135063717
301455915
413826502
2185195
513186179
145782061
31976086
93053379
70824648
386693196
190271039
215352148
33501497
824473470
971368795
994681128
726233027
489219996
106159631
457385397
771910052
160584738
850061658
479800782
17069940
46613026
920068363
172096994
618313009
844711912
260307969
290566926
706066022
63022423
344617747
793778568
283935126
253184572
77116895
744524331
623290019
454915070
664978656
98392739
31638199
706262049
655936220
598992971
106146917
532870672
740585924
327201849
104235807
113227483
597193595
13835793
552409100
956439243
25818222
196236297
802099394
346681665
911663925
813486570
599575148
77677574
538738254
51272975
562747424
481979252
310412508
187691859
504215532
306652808
561447710
253293015
84538983
671011948
845974980
648060492
171396862
834529093
490351464
416804165
406789191
413115239
889560630
848406128
285682007
899131140
16348854
644166615
998855630
437961597
216878028
160348003
882011756
920082691
694303420
297783430
319394707
152507524
63666616
986845021
727541728
870261521
876748217
247431005
512226092
687047790
465504218
272608164
156351254
518765113
382682340
831387227
750453967
939498540
100709029
81107381
126921518
499972357
893621479
221271849
501852154
807549091
97256109
784285028
471832443
749752737
261263368
268499539
817002929
406433560
558492856
659824554
106150604
726820918
277635486
457825615
58024964
963450891
511933130
888146162
57931933
360840154
982682457
188437316
171187275
535589107
177129928
913320269
445150924
59056291
466333985
862669389
16887340
201682446
22958210
874016961
661884771
520554973
591067099
590185646
757008667
177754655
587659872
32690454
549109494
715052177
286404868
785942871
870306824
542988160
633819567
348464944
601033702
112247367
78526228
215585164
603467734
183456872
248499635
179854270
28939642
74594281
26492562
189598697
90850484
577175443
629848852
176874539
43333132
634432816
214432164
163861971
191539880
259293283
703242268
328365547
382731817
349376018
982758813
790222155
181998689
859690797
430150878
380085937
953887520
50999006
566224256
177698172
834347190
526855209
678177787
766314180
735756259
350415357
28786261
545483114
902326288
346860704
410219569
946480861
654481090
843981669
553823928
249001390
100256504
148718224
32979668
888852280
698288138
931684412
688521538
102835160
733875336
386672781
229530734
933565597
825936630
168089112
635089192
181392872
48578341
968821904
463125205
191733731
17483943
440679301
123624295
696256655
272145487
993009210
163079112
513754338
609827388
132910179
586717305
327591553
79397709
723904008
733884960
597541195
593065240
712444481
329509408
705272928
332840490
330542699
724781435
36829292
659066296
288213862
359874019
941125200
543993199
844828823
567196359
937786184
762642927
949979126
482205743
5949627
345536377
888429361
712131777
447249354
893249682
357836928
589663894
258646591
485123504
297303968
68266348
773889275
622115944
781103270
667507596
936274918
972262517
318275920
532514627
106327564
223647455
260430877
666660775
377131816
923077179
154027424
813991395
66525372
448640856
777107396
938323903
171155450
760955285
224166791
256131163
555549139
517970595
856602456
517211980
755182820
681968456
522738958
42492093
969198236
370521242
504923454
494470886
120984693
139953066
267521224
8271311
569212271
82920847
397825636
43361265
278976902
337857117
310705506
36608550
789005182
750822392
23471838
626787054
635251660
982184386
10935487
277212891
756626084
885641336
290949793
614366311
17518803
562758170
463771707
996236824
91901277
251234111
792330656
218739136
189718618
112350631
513391131
524825202
106085564
781624699
761749306
230754467
240558928
989302551
277941622
636479625
26287958
55066884
952948113
283542594
701657657
773097156
100713954
834973341
189165633
876454147
121138100
521211754
356031665
961857044
358496366
636262691
548554959
366055707
161496254
758571518
52361683
580363577
17552091
95222919
401648378
879324675
286452765
208115961
28816949
6608572
821308753
21257592
494880376
810874793
163554404
177089661
755685805
572065765
927639991
511463578
990077533
62786638
65539432
918949706
980723267
49714707
933587108
566692023
793486294
307064806
379119339
432711001
357107613
84981158
215965610
3634246
945921346
725062533
452376167
970699161
703891889
414474716
306467122
603755956
774170541
962839924
489633529
967967618
930002472
857677190
212360499
493324503
660982137
808502476
982271788
268527085
519178665
170681886
410374701
559525633
17258758
757556531
809325945
716990432
890260462
629231575
950352024
699094007
65005626
911786242
368114719
436913570
977155448
602231813
181136372
485819010
20602716
916890786
190376677
58991717
558946665
813479135
389836448
963517862
342358388
885071678
975360050
191889053
601838617
954541627
802037289
271023396
223511819
90547698
364702309
249160768
554173102
170594119
8247006
937052589
796568648
151722141
70714812
844500179
161272758
723618413
488009836
841564313
129448847
980239336
761104181
877683344
208621924
483583740
814999466
988173811
967969970
243930702
527742561
986875529
529261252
879827131
435525235
927215893
840041919
223527952
291160541
973913306
100138388
975938119
448348852
759115539
200392272
505855494
665994768
168526658
24143166
208735818
518043075
853788242
807820384
731162723
522314921
14874240
868705604
107546024
686424369
476920076
455024477
882633249
200280161
289611212
312513867
197599021
787180239
122170698
694694320
358867004
839401603
836118613
689913697
510756059
681449809
801929653
849971372
557786962
929835663
438479651
469921433
143977932
527197469
694681669
972385105
642379451
861601828
520320350
901317131
926878574
938679640
711871799
525527142
266182076
581412608
801719286
542163253
909885456
515113772
174211462
289995625
882075401
154511028
152857347
395234562
144833802
323585407
332852705
6569597
441088414
524649470
45550946
82354296
252072935
675778784
98629547
274852274
194969455
405648234
871972669
132327874
357528957
878597956
881496420
779800665
689624764
889258668
387771885
989496309
798699471
695279914
2466737
927968770
229283358
287856754
702560412
650013947
533081462
344324867
350064367
649508267
287086091
948893609
375092303
92206921
373707467
340966840
260657029
710388279
89259369
772498924
517950943
48250736
188635644
403481663
664655519
386382259
408181724
261717928
213450893
198072736
248659070
348260209
839181331
391834241
850520928
21563101
397985186
154251674
223167018
162329646
366381507
960766225
803745679
730855395
456185577
368518192
911540802
392383278
950507345
151874105
217640092
643791295
844390235
319215897
877639246
685490077
738161342
295647961
997078141
346144426
632981486
162207560
506339757
404889787
558819474
114726964
447450877
824956554
207078164
172739861
297621733
136046088
572585298
615410236
208125967
652192144
243733501
297635710
494433302
606662094
946994621
887683381
199724880
254307983
629424905
17526272
904079549
817642015
738540627
696408861
305697261
877206477
695188375
426804193
683853822
423084488
204668294
809181428
45493154
978499604
97086600
186327576
516569178
162042610
526253610
451086363
123485296
407996899
887670590
418443233
704277297
68090214
672876835
109693285
50349583
391440657
36656706
564543722
11756143
347716907
846625710
931322718
919845119
407324233
937334289
542359800
389046064
897484816
393396840
116880196
56485072
323134525
955641401
617137977
484458696
656268055
284074169
712317049
800074542
951846979
98979288
806682466
460623489
760793155
283269566
683480230
387202480
887467471
390152473
57437295
392543280
17309781
221925440
155780404
296441796
714289654
39939788
741977437
836179858
582663207
214410381
824414095
104469777
404211108
446649299
249066698
474160233
986782792
53627088
764273386
42637067
193126653
591356436
598868931
381683462
473315032
901023442
282721122
423971761
132003338
618428712
649757790
251884619
125400368
19484541
535205225
830840750
394304310
166965487
554236902
624996268
852539752
830900023
274579055
165722565
30987624
126970889
878871307
307751108
666074679
272183065
606960887
435386701
593450749
263150717
297300745
796874818
698243179
126767133
805460843
439212721
213712141
429527665
911482601
576193381
680301910
394320813
359467035
789215289
655962427
56561420
224034328
98303183
230085497
849062915
868072593
430435689
241542145
482214710
852500587
357324374
535475535
23485637
696262322
775713740
793275754
538874448
993045309
170880346
223464351
956373954
849535359
655175760
363078346
725718912
898818608
206642304
693893484
405197748
134422866
856559337
724854991
122034773
775269745
995442992
541859291
464836284
757503780
698266724
500106965
483019378
804265086
180994585
808542105
111717752
21821889
621084523
729038690
40523984
795079607
748415498
582504792
704437256
548244890
158516244
450867938
481874341
855868192
978511813
188886533
740856659
247830048
230444577
228095015
399346714
634921259
137647667
158331539
767580975
125978153
564821468
592138619
938080884
223081451
216536845
834688915
973405005
835624882
501308883
845579729
869440069
387850281
476162889
179711178
245479702
838790849
322794025
603840811
110296369
658948663
191154474
103389782
382746312
318421068
280158562
582605314
476335696
169618161
194033023
225245109
683620862
934424942
520920180
940068711
99894226
290385260
770590021
960540195
45538298
266857367
818096243
720124406
338849128
628051732
157956633
975395650
839554790
852001162
980414805
389145418
129594113
390817716
1223161
846837451
409781883
412356490
453216629
183481851
317922372
709318692
826754815
109875547
165550967
104483848
67688710
281813960
937074513
748457756
78151257
720731988
187297177
448293928
87314780
750591782
841149213
745457473
448830003
762564352
215599493
496813407
595591646
508370023
419083842
193657205
394420269
7779354
969627388
425958494
323115774
57135665
550454242
428226080
139491712
726657211
470825221
132962322
228219435
159931651
935041978
400188
723121481
505822095
689085058
48603653
464550636
137667551
406869020
606809499
452713443
269805335
828802607
972412475
42849269
801539550
545011846
165486495
463461537
595936840
92181022
388581049
841916807
173292908
693327075
812137503
935921624
676564923
139801287
114489642
235455440
494520870
365100947
669340487
387806358
447366946
712168123
407292005
149080795
18388872
499648182
338346518
796357252
689561347
47731070
395168284
442207821
499592661
986924808
512731395
489666468
734479595
963765941
64781468
829078891
274347427
930469943
169696546
815566215
363738008
172054124
36733708
997436185
886916255
484736216
97430457
743025987
714135691
780213106
708433941
384320273
638801693
319532502
165530537
322484787
155848185
240891822
558824300
610821350
17771226
462627935
33408288
569145379
725524531
922357241
833482043
645862732
395897050
422924938
699722764
604641722
221341661
839972795
533807959
22711738
228116287
926605295
370189466
467865977
143358899
555412700
72936154
64509120
934434681
695765062
623542273
118304171
918697870
912193127
409565254
710069756
92951595
495151311
3454818
485258652
115438798
369027918
41427541
853819895
415145680
391617416
167977814
646638696
903711713
801444685
38345291
906356707
915322855
683273950
924659127
989629268
28878514
82877476
674309198
601628917
189110347
704062106
325215735
422726380
276042408
948247857
859376209
427891556
630944748
870184299
168656914
266660730
556384078
7947735
276743333
101335046
89775420
741192033
920217873
812819278
118122649
318740900
440015760
534018714
891266550
215941131
526364739
603184673
746745230
140318673
688198631
704234602
101536970
477574613
231759898
582380192
382781847
138883978
61704103
102868210
72117267
152031228
36671964
865050044
650567591
563560095
90489359
201874347
478014564
164143735
774721222
939668028
145356514
725755944
115988884
664092843
206312611
758005659
236660033
414842346
226922551
824861423
781770219
554449850
206775115
166008660
799663362
388798945
680839931
299920348
217637078
403293133
500372530
7235611
340722647
93374017
819918787
865951461
828521018
723646618
577710787
356654368
510627460
867088656
630231503
176671390
928920342
151746994
120091407
39127243
443177107
181268409
344125900
143588180
24972083
198623381
148817915
574593085
857528871
740599485
444236108
175128765
285163455
564748805
135603030
348423472
628288593
958032477
285480079
904147175
474470110
889527486
105515106
71724494
394341489
659405788
14052948
799134261
580031894
154633190
105732140
379114407
138635347
181985592
657603260
455829003
3484912
773412627
557183374
306370883
868071910
988059772
301228033
843681812
213302780
268522365
494692512
340221987
532358069
96521948
664486433
235411479
447991618
241045708
668925783
514913605
758575104
392719793
853322093
3238965
673234914
782901491
826294816
226187309
625501328
651556157
573502767
309016114
809792003
148267469
918357595
246562522
489427262
460969180
679425638
926267987
312455316
838905253
110171836
847696746
305143960
328611407
540330974
294285163
362670731
750623451
196302205
838819214
319727884
186281542
956908713
851575483
838367697
883083892
410733982
986711094
389665274
961149761
509390972
236371731
206883685
291639765
736291745
787448000
4958674
826574265
273280972
118047296
916818064
822395741
619080142
470403974
363168068
404097196
95608230
370413305
721557159
486364779
780711728
877197142
862397392
6821709
60222105
894617165
869293939
559260580
604631041
139937744
907135226
821263254
54801559
919460788
567287517
907875131
318275432
210756677
104005441
184987228
897578384
281041308
884636410
336228772
800275384
722361588
960060177
198785110
785572228
313207503
691548922
871126209
722389095
322191403
717805793
166281454
530288249
908937659
279663685
881623679
807225649
731311894
848690538
956397649
910893506
619867596
259730684
851393895
955991213
302983461
699536276
967465438
219185217
316867818
998544125
874129371
981014823
34353223
972137273
446997332
903411843
103569370
910727041
710820224
989043340
599357986
415764591
110606059
879130924
852396584
565606880
292999728
548074476
93914667
17660189
560177124
986208370
581102621
129763313
772886176
926514616
111778043
512303444
227668108
625767229
666868870
990345054
469363707
894816814
575549140
6452239
313706129
609421267
490304904
156875254
559932921
677597788
88998439
827740862
258659335
57053134
383814478
672105513
714549379
221774996
107505662
928179772
84185109
686997010
729822580
710098986
831449401
135914724
488415040
238053125
837394833
929019437
495897292
991430893
461870674
389549451
624961929
957191571
68621429
355713065
616262389
209066633
879688888
241195882
556084529
236229697
175920580
431276341
384377909
221576230
200382851
860447547
272514001
132632491
591317431
213180940
399747010
418401344
435193060
604227802
57252045
270350720
649378942
331439722
901821739
487936272
303913293
353372650
338518226
79723873
36414231
686715317
522186779
301353473
498273215
499908406
190039223
46183292
164634188
891295501
213059772
856297052
867754718
661802337
873243820
717621781
177068970
486440929
351288147
163869247
254865194
59758697
355989528
95321305
571174942
995806947
627586000
228754842
362692438
975351650
869258054
163295611
149960729
855997554
982662529
14037964
68102423
374188013
974987528
842194390
79155158
636104728
816975600
300914351
53457815
372250900
125734572
59102533
431534032
566340481
779207015
36069015
670965667
980955141
174442121
938045705
215758510
275024867
570132879
498180580
436973300
399560155
972971202
925209166
221729665
835416232
511954592
521408593
900576982
586836733
840073053
189051844
387876717
36568327
414697991
996872955
826392188
222376365
682395469
326111445
384762475
786179042
76368477
54211145
287970199
193468500
14126369
959627332
659371881
705944063
993208813
114988983
353862291
896578727
55799357
59216113
210952711
592105360
751944376
730142074
874684923
802566683
689073653
634215229
634456133
258410144
352088263
349442822
837919399
595760170
144934468
396139036
718180084
167709120
310761374
27481047
121686226
69209982
425431982
571510936
621044711
385245605
230162107
913510505
202061721
340746115
288007155
75099010
505833011
247487929
463251048
181923757
320804343
65189696
227692499
237117659
429843618
908775261
136069505
355647772
731125180
638145321
351067273
385167195
184272306
528958560
681143717
344747517
722611545
435568108
909747918
465813911
807207709
966140625
268866471
718772993
997274137
921556819
777769166
349861592
256354949
77946724
331199944
177061480
747318091
164954684
893581920
34330860
375039800
103621773
323767711
232143019
514737044
191073722
318715336
458555490
40061690
552005486
197880646
595775684
978831253
544443877
669297551
201434602
398236555
918893086
476604614
769792031
225216972
57443062
568044847
78756130
642184436
633324551
56169701
156520160
485292696
32669609
614885165
530406543
300176885
185382991
582088143
943098758
606879273
682487717
800689965
840290776
805159415
778113854
28937780
195781764
160246137
682234638
355822325
980602564
51658565
130333229
853225476
861935104
365779029
780299763
121551971
153882414
833929486
795228291
1187995
794878323
192945524
345153577
733660375
119159018
99101070
235460876
711400862
451984456
321579251
38280555
739698590
535068477
128174334
602283991
367883083
351920710
218966648
686035804
130798378
61296255
673214220
115837161
132914029
294754554
813647249
733469969
689245735
384033759
82502907
715452184
491113075
174936510
501775304
732300198
151410367
310239469
280472354
953990510
715567304
213494781
486784173
705116586
368064873
797476819
479292180
894378109
23270097
967860302
830165809
933205183
447626874
337451469
918748182
987648520
421582033
234192337
82079123
590034949
154685083
410577586
521854306
433481385
119325688
366447029
164625194
412710199
118664946
555346684
838922886
129985945
3563447
28905869
565859667
513007667
529920015
26774364
178564107
569856850
222703073
932426606
261381658
231043123
636358689
198022905
970900748
902594540
978242721
108997353
901153389
289111226
403010073
361865349
64362593
529677223
803959465
185093745
136459281
578682515
79857417
286782355
542101674
282933827
306207377
417513960
949893288
840150908
419853474
274583187
110095365
200051424
863132542
946316019
787317263
777069727
420871134
220627323
88596291
544544380
57819681
978812257
121591406
884187370
975167251
852474480
271775760
143306448
436061302
571102142
875298581
654135080
971464066
165918827
728757213
529663517
184606715
593262500
338174249
404028294
857355699
327716985
979485479
552591333
401050438
831413054
146857879
109286482
788018907
842635753
331066134
887163517
857342011
884136436
668817424
730964755
502043014
507637522
271550872
255121462
869827928
931258133
141850
341949591
733110893
704800333
191341097
39611002
291339627
290574093
69194872
283954441
161417789
821120816
591478022
71777780
236820565
353737642
817340206
331569083
228361673
678305044
512732464
952836345
259522340
541434992
901775169
200531647
987177669
381507497
920950347
969157566
794369782
220911162
862346528
84018316
97248874
189136986
519869800
242110864
24560606
198838379
141539824
474900859
42600400
40595333
487860948
20955244
472955311
632623170
978060896
804823766
971730438
27570196
628243691
249997773
821383374
599781401
866246127
91093590
50127470
447311122
228150749
243119816
433031545
133777797
880925350
909850699
636424425
795594788
739059278
502304360
752797420
126829744
965336094
351050311
931942571
33559824
17379315
825361204
771528189
445912884
347397643
843932515
825665527
109739981
722189977
796784773
13121783
605263559
837716859
712500297
458251049
286542019
788849531
55268660
276670692
833320330
916487857
146221979
20503
631322218
951835108
403184421
223028687
942340283
242281936
356777880
616731709
294856811
173864776
320512164
957888313
181630807
235431965
947266877
842213129
607857812
109088665
177935957
863095981
211173258
554335946
111861530
872834795
162637682
135142509
342483382
472918825
864245120
698671255
541548521
746457863
408894816
163037135
770618422
476803203
892551797
609826548
417748513
175422121
582225065
105543607
354706679
225687211
96470867
641487180
357883979
600477102
132841541
128883138
22868576
194393105
756420861
731399751
189007940
981415869
569885226
168437704
563977667
157759038
432532427
443774629
673202600
321719481
532656461
617315434
3238358
34334310
806942762
840576081
691622520
253424597
873027120
143458591
339968625
858246827
478340831
893702943
560815494
122014777
830799194
250761443
266384900
128334077
923564344
747778691
74308682
191062913
144086998
435940089
184391678
722540674
269531926
711226668
599053796
965844783
714289451
290404283
361326423
175547640
101912590
512830823
520099931
589126928
37742490
266753588
414521695
668569060
765106684
322649909
854727818
203761540
92183471
191487518
508460867
894080665
335976380
447116703
648951296
730578822
688147045
274472339
459840549
268333011
843056833
317523486
764176606
807809614
638442612
13496871
232616670
699413975
73530455
102363248
420302724
452710462
678529372
981453514
895428116
100626985
927506817
89103310
292832325
303441049
248789369
472897777
968134277
550634763
645649808
788786414
708128826
705674478
399858103
103100638
485829525
302882266
78032129
241961051
492247490
289345035
337280013
344194129
721147330
756517177
349392626
914973726
882423878
726019011
793695666
370967294
530110077
363656408
244337193
312650273
842824893
347099397
671057852
559235434
65407371
36424429
16804903
236147692
50081665
723579886
46216495
543103623
566294462
78061529
722974054
883221021
525211703
457304612
136142349
353630752
13391647
779852253
540131167
628133163
847003295
117695730
636246177
872233495
886156125
307336662
938225593
103112524
540464508
752004405
258757210
178572049
276440558
466462849
724262144
493409346
498461518
974700394
568014263
424230680
12697471
761363163
11262040
983417420
845521797
705962405
183158558
532650213
979230693
740394508
612896232
712790342
809797281
669815283
261148607
780284448
63570265
84166470
589096
641643935
253805101
240345628
337666943
924377467
390096001
220417737
257635780
484971300
242161536
265714130
738929368
972363461
272217054
190471803
442040542
650781430
375011376
161079907
533179672
658802818
664172623
975909054
61540270
77330658
419210205
471565091
26415550
231383272
253202638
86917581
276478886
88489055
211692523
352332822
12203718
883829772
397559313
282017869
425390097
86687078
606420713
843761397
110488842
691510185
171149746
603128947
461607602
386334604
15503185
717924700
871127286
30934757
220138596
910552848
966786453
965301624
631491196
356208581
22118360
78260816
10255357
147620536
69617524
472021461
547421353
888982171
382184562
762409500
948888583
692857568
552236170
868888177
804549457
795404598
197311367
795558250
444583154
145942125
293064675
319248942
491494991
495330439
533366482
90952718
300637641
362957853
849260641
270413973
550673153
895676901
270242768
56394613
104343685
367547134
362892032
939725389
23048865
946324563
443029333
972492000
63650978
368898938
35648316
354410761
514234438
46413332
629661975
779568444
379327684
695831468
714973021
251086922
92938929
994840695
242300497
984986696
930467623
729765645
671729079
791561707
68755223
604134315
723135213
258443163
744801653
74475263
67328503
678486544
886736397
670405582
74905566
786511523
594025472
978820999
271937824
340015146
839883170
918288869
574536011
142282783
506467720
646231774
683880995
845054547
485123352
145159224
98352010
721941870
79082105
328990407
521370282
804611390
456609474
993391747
322755428
442380617
516782960
251490947
127520979
264917823
653178248
511996603
262165554
915843041
866207224
262606271
326473351
136368295
775701022
964966264
895453608
648905893
140404957
127718001
722271141
413493117
5074203
839316853
217419521
45960196
497544985
83780075
766367290
801259608
108914381
933520257
543602706
503255657
827173595
794514049
578030302
176075738
108381460
641690857
198549264
179986930
144053709
267050189
629084516
980010270
103826794
1631885
119584244
825152867
961078166
270291445
851061671
82831185
302360744
406752428
533794258
801693747
309855598
193246941
308299232
51972544
795778722
949770037
314530424
784951112
161010033
225066632
748779933
840118726
708613506
876268061
695612913
244574901
642408308
663325619
370766661
455028966
40092437
868222191
817650235
540267639
8961714
995137458
108378888
93798388
829521018
788792116
264608707
896899108
910564252
908398873
632522889
91749183
874377905
251766592
268975961
354491086
141276574
333627218
902261384
519621415
917063431
151729173
395344262
673110063
272692186
632886007
711602019
954147727
570285213
289370485
160553272
62979206
234009225
231915166
798716353
624960484
236619715
158980244
90856353
219768312
128657834
683022929
58000854
869874641
100654107
779013607
268041850
614612676
516009415
681371147
954847948
788207878
223447564
654214563
131800656
802740502
764018802
735440450
203625308
558495130
386974731
546219536
670306238
369082989
500988670
805632810
452512537
704367370
974599930
686910636
456603789
692793932
220425683
721960249
206053941
962594469
968012510
591951257
577117304
472932771
103567051
867458690
647544280
208499397
651457166
790065583
584932384
559272650
960551244
956936082
110802389
622331117
220868389
763520533
131123967
9876941
104135947
203222588
727962982
995708197
9791344
157090515
219566567
192238511
39045813
361851148
373051872
948294976
173481020
266460959
752611624
10652087
776014489
732946298
856196822
725509253
460244680
150179528
425616305
958287856
172311027
255951217
8691956
391363098
315306087
169813646
31634825
20553653
161921243
134302115
428074259
927229007
322758130
584412153
13350113
855110410
342347570
745723331
336971639
468421990
607552241
500144894
465467176
259498012
622455933
49016244
422604556
895517713
617786023
830377983
69422468
221537805
852712267
941502049
742538690
329032074
712620155
743825863
722773241
101282392
226285936
622729814
151304267
262027227
148536870
445407901
920629933
148251855
814929293
332300966
598212955
747624669
738304074
402092984
999426763
596495572
235616870
615226613
687554995
870996012
349268810
536820912
210515314
184937788
2914544
689417880
249802870
787024742
588493853
84847559
375086155
292583987
281318330
303106127
538381745
184589525
619879726
729344626
823349695
989340622
896480503
864764256
406193015
488518093
326413943
418830126
494153845
151243728
944008108
264907174
727861741
493179243
35764881
852629201
925800209
110372047
227313818
823265292
891815595
742127520
129594176
884713064
643787486
524180541
87364996
316483844
78723111
691746679
356846970
699889743
912010200
967634243
943116982
814315737
910363713
475589886
33618443
544105726
693031267
750089463
829313784
602342523
581502975
384582068
116453447
687024497
440882214
235144669
598105487
847587235
209141991
24075967
692248757
811447854
606512646
690443849
928942382
341391274
743285419
387279479
374663827
667231116
278925511
627749797
915335955
75939391
374468159
180394020
247865808
393392582
729786148
675306334
828408008
624887714
401109530
864557463
401483316
610502008
837995012
15156872
240745617
806581919
241811113
121193952
534856527
151247578
286169806
16121749
158014212
657874442
445660074
435692407
747636989
414195940
643053840
254864718
291181372
41245273
896261382
962936106
75355004
977804942
973894094
24717368
228710538
994851207
984176488
329628785
537566493
972394559
872220412
79292216
765317085
914109330
100645162
801807978
693943812
929185474
687034019
373540103
306364435
410009465
839480283
141629972
399415353
566754035
33009975
489378433
398387783
509967461
228658148
379315871
594884232
280385757
53809971
375768149
331487958
205760364
726862649
621758668
870993297
274251118
408393068
256440071
932511486
179213365
138402477
149515586
364012506
490228737
200092727
666798897
932039046
547190999
317314187
390956266
396951439
462464936
496253951
615675062
641638813
310921990
653726902
668526162
778752348
880223499
93963482
813265653
472382457
631863459
120839477
604312262
182694014
977079837
287035120
122307352
545300512
23947403
8122556
449012267
189774337
711561909
718636743
880736616
522913922
50808193
9064839
705460313
153852330
52225621
743984028
379585648
233481432
91761679
184028001
122770209
449887505
695356582
217181266
361752922
592964387
531611574
943950639
162987346
682503648
406431670
126753250
687500489
14685490
194436975
495603224
218896455
423438640
724957233
377253533
315444745
187713889
912287169
743385724
902794832
960118186
551987872
722243949
724035919
259706096
599753693
876742689
979655818
153846168
663673450
118980321
510483795
815346414
309769144
881237141
475403764
380571215
640950369
381896825
930787850
676118920
555437052
401843927
69850969
197332592
292172805
948373104
95750830
967013415
586545127
879803220
297366844
834484682
381794567
19378405
942267922
460486128
138902371
759451210
944443595
918365037
293974365
651389101
252101435
363375557
248314728
676227649
507667322
597546743
28155543
611538363
141158829
433629074
485510551
339110087
223772107
436704706
214740671
539406899
77550629
760362348
534852241
927191144
255130393
124854572
517589034
67426613
133507656
972116403
885424944
648406560
280717773
771375713
984814146
707999348
464063234
17763558
85845616
415580452
740500809
268444760
410724598
194194107
127327215
37914366
908097057
660110202
422888474
888396243
110708903
583118931
387958885
215792361
81159688
421267710
981104950
996293977
358669884
761709600
402643675
232454412
176947986
842585854
711460241
654280263
615146949
698518871
776761325
59078091
741082728
17820983
291736251
900193662
704354253
937615540
453247880
817248672
26744123
219160562
718965839
711355316
609480859
496612719
841759355
195236207
572343007
193680393
635233507
887980293
657801427
86070216
992896660
502561957
406105143
565217796
23817407
725459586
698953743
245911954
549139980
642310553
998945922
43938545
540952201
958767535
366670549
916053787
731350216
227058095
354288808
614276821
501518819
218835153
878728630
669370611
431102019
752366588
209045890
92052973
837801123
730272549
541331962
811686803
195562116
866545987
570038499
704630516
805454448
106721334
60459477
623136777
955599036
22555340
502682460
647251867
498194465
32957551
358282281
468968883
230672046
83924601
668563021
732847027
660064135
770344095
868009432
500188872
187288992
28658016
907363450
211193499
334138190
511392233
52177088
291944277
233766717
522040149
333157965
567803574
516882968
574432650
312678501
832948084
666910257
912343483
259478755
647524887
138736180
250131140
38790916
891861731
540785223
201770899
614020558
89255620
992475083
648445926
498495164
195080833
454004586
117250084
948185840
216727230
143767042
506600048
639297328
199331327
24571123
76171117
769657610
154352099
70973908
866581530
585778587
353758144
34049799
713733733
937931684
139837632
424816599
70335834
279295154
337976060
39558136
892387968
820218732
364972286
471825957
980466156
96952118
429361234
390977149
34068098
862431755
229843743
169984037
704271053
988607135
244252029
94460913
899715841
279606263
397828691
685061411
797448023
616127085
390391705
984676956
329430886
464301963
36615143
994932247
596069609
23498983
983669033
121332936
922238824
901198925
60619477
963979781
308728433
154565959
15558982
222857505
307299436
960644917
296081459
740872318
958428367
913228408
744187566
17811183
795263310
10888255
612329034
973487486
859976336
180324661
569853761
324836533
18619582
849277901
49979114
595343088
950381951
642760489
800543945
46123210
968393429
162945881
314382495
234822248
912722065
740840849
392063322
334490893
194029794
141542753
626929420
714706130
644300640
5452072
663930177
539376618
36845630
308916460
264430283
113311253
673565902
799009800
865799698
336801173
486138296
216495274
542819467
450038631
278723393
307618151
159394471
198751199
227786825
676429286
459001207
45830406
816181977
830795910
606131195
84179133
757333634
580646710
643411676
802052920
92116633
235377042
689987735
195077568
699766001
96427203
28997312
514746189
657762072
548565907
190812052
112926202
61307298
395437633
141576789
523491813
177025231
201215023
942228930
992870269
926552915
324998826
554860131
535994425
239938883
426203459
9939140
644206142
738927274
593586738
148346286
641621218
15820661
975604295
591138001
790750704
804985078
806227302
533090063
939593554
574679582
198207577
883336684
132918512
781177362
737941036
755269579
254731757
616225828
241575448
761956407
279705687
958193025
268261137
436225298
967815760
269191867
215188688
688548570
293381559
903974632
3402508
943132605
795661001
763770829
333697658
102618228
146476553
861168345
255139957
286891752
817845824
686742474
908168264
589727350
339942642
588324209
327028721
431184903
693284494
446317663
874300834
686344044
351576631
114974354
579147225
995395977
335331249
875452486
546624147
554604201
826797211
993469348
375244372
286727581
491551861
161106927
546235103
25772107
957714362
389741792
333876206
845661570
116926902
726247433
750049055
780512573
643125522
256082409
32312018
168786615
617860480
71745577
239138920
36938379
73920811
352036177
742581825
375714284
463208877
865211604
399751529
48253842
905238413
134342709
692969850
227849846
599575899
585913872
220828629
515629311
222603759
506712055
154456241
605243638
285581802
139894587
96402113
545116258
163267804
252544102
988080808
285453515
783831237
110549199
7250650
373975279
713359246
73006390
296099649
521729155
510893516
216175329
285998008
581770919
905971787
8180357
769425610
697009665
980933778
383649115
872411041
622970832
303401566
296112409
827384664
779882730
349114351
760042895
566077261
740430680
866050986
524133196
185526334
406740053
153740519
717508029
718865047
32285951
581344508
524669635
5365191
164635012
679984541
832270914
671497082
952801423
315683889
593448229
260967938
103302374
218445906
71340003
73992088
865321257
910235673
38808249
201494578
815939164
151811353
1458909
186958817
304829881
916094463
891236065
252536939
416503939
191320001
398521927
914716813
330141583
372221287
867557846
742136822
35501564
922759724
166128264
115382299
806559007
834339161
214596896
920235241
355485806
417155109
494354447
362087985
123057045
256881609
46552158
517584373
857479991
898304282
897609737
935158174
520473248
996932277
56935102
13733600
798003226
683662089
32718248
43427207
375450776
190896975
725836290
74077002
155827500
929116338
889167919
539186995
22941832
751231588
833291813
732492595
690942584
546956196
434522727
407857712
650963863
167423673
410085529
124594466
116241919
621587142
319612094
202674365
423325630
759899865
183982100
639961348
212021982
772725759
985000641
704402152
48479209
472947843
526266126
706598741
549897582
70488185
921165782
390230474
620530090
647807524
659138471
980129286
488373405
52338856
577994698
983758318
166472939
758165067
29817224
107017567
165432061
936093321
926497957
729968424
578563065
950625760
847402958
524544860
548629540
854987408
877057620
524397926
378627813
772564420
861176879
215695402
51754979
541975170
433359024
625090361
292573558
84971348
266457694
9423274
699529566
155236325
813266432
160614999
783822496
334915475
354077334
804335592
968299978
728804133
59094096
134100815
535624636
676515078
161140567
572635894
971828350
58072004
241431372
54133971
948996803
949970272
48422658
926579002
106279504
653364780
299701108
238810719
341773532
217982283
60732515
696220803
175472313
603119572
851892796
4966542
13637661
907606579
424259081
247520374
971076855
246074462
203575690
128923935
271345603
925181431
311151945
821586089
771022566
989018097
6267770
582725413
961782828
516431977
345659920
922343644
273780487
426609412
942928518
271791628
557891848
517994181
176142963
123072764
363323206
854860326
240381424
164633937
473175658
616904383
862516219
247662635
74351033
539767661
18051334
675820333
996249936
158959589
78534258
667392554
371709273
708230706
152506196
79894057
716885634
896720735
154251211
515778733
145067428
291800428
478259715
570713104
842735954
9669500
195470853
329866410
138640972
790694554
863005884
629872819
438787530
227583533
462437655
416866049
499960551
504086668
372075292
331260367
272645122
974633162
853686291
727693934
183371690
271591309
291480582
248073095
515181629
978784190
149329376
87670882
318450546
71564078
468555848
186440978
826971573
974736865
543814058
169104001
628889701
190333823
75468451
459002427
199866008
960467929
754071330
694759474
802382837
264640882
181916408
49296125
320758460
795303651
721110877
69055286
102576146
539034839
792770971
398251669
210366915
556127818
230019155
17153868
594840291
678677471
437926459
148702710
144533212
915458984
872956947
344032624
641607935
549401587
872116354
711807161
100616104
863147013
791390526
600966107
106345283
314005124
910430524
138894072
521263018
213401732
539862141
90084649
306385230
920945125
446465460
327440662
207374241
833628673
245678893
885100608
318063169
150309043
292453455
188219555
948302775
317565991
544765776
114468703
587900192
110664648
111691629
915345508
714250006
555169001
877721221
144106184
34427248
23784547
599374899
603760491
710528544
132351283
586932607
354815985
16552693
138656937
653647105
534016331
829455569
917038591
253218353
83775289
722505024
718955637
137065177
906526132
661948423
548311617
322002906
758287181
454854298
203688411
77352167
566736142
631437512
880163108
713599164
809205850
388757354
748743598
42302345
674617824
525227060
996257974
806865484
905805743
873487800
680078232
181184986
160620837
278933739
436915624
471214030
38418462
161987296
289736833
541534509
591085534
72703808
156766365
234908384
99934167
800651249
913358290
99414487
216214161
469718919
285501230
488653626
261063598
251054505
883489620
446304661
355602380
536092102
372939266
247717817
424239078
39112023
410649572
243853129
676608668
886938927
498169749
818427427
703690227
128451851
995753714
950288898
307650628
789374181
61513966
699837283
324546528
105663218
173206103
869973957
641949292
595911639
703604296
362516603
565136435
286416690
987444599
927516779
644417560
440456089
563266607
548838192
141095497
632407053
314892098
130368763
76635346
204423861
389041870
251407443
884378518
810350551
751551052
280457086
64276632
576617793
207267689
955258181
220308256
554202363
674206427
660444840
860642818
837148403
213457359
649606449
108897493
592805596
535404833
983788934
594164096
142666172
451159355
425103039
428734409
830451163
115274356
469384969
35651317
268749877
41896599
234103981
418462861
914751161
781721127
442770293
499741128
436299130
334701071
490934081
342020379
700153363
364321612
593638058
461995888
765981404
494600860
359918418
856755012
726880527
827873701
531569610
552983987
405381044
369811534
751934776
424385237
230356620
535614632
380394678
961097820
381486258
559910793
352277647
543782565
257432634
440909988
453103051
613674356
961909805
175538836
498693754
126587351
209281792
466381469
415766666
459438331
372027260
987436709
160140661
324159586
540042869
440791013
903539804
269920524
909208471
675940279
713645643
632667991
655645170
149668351
693870812
247011783
840965653
901323357
231939230
19070562
627325151
228146222
146048089
531585581
314227451
149518917
312659250
384879636
239036680
411441763
21432013
956153787
336531600
970118053
934314075
324098743
130616095
399537038
36372793
590058851
80187067
148231522
546702147
214602614
580381119
653398480
18447774
978739110
377883709
777812153
328847335
968407448
208464474
740644400
390300623
906882706
824385378
702820678
342118682
526510425
87262988
275335505
750486674
505639599
959412641
368710519
650248423
886237854
313419897
328928685
684908405
826641506
580776473
271216903
491579472
3135995
500833901
363558739
641029745
741650099
28273777
14796308
163047162
328085082
802191555
600009378
726574164
917338211
350726655
65415386
218841989
684055013
488188345
86820379
481019576
314499353
965955218
803628750
466097048
487681527
447516357
965160685
951309686
695858419
425415597
366858497
656595467
89493978
968512211
469199092
839109970
319533341
360638760
405620325
460736192
329577850
512139397
371225479
139198895
932493977
399866884
12452785
288229103
3044721
201530114
870932682
397718362
836624301
676039768
34406258
762473417
84431660
375331211
150063457
755259997
214672780
974702555
303765077
567750724
558080530
435589437
554360107
700237631
561816660
570327414
260014473
436252958
962059968
490854581
361244829
987640993
696540001
392774266
535171281
518108610
175430854
584637719
195214865
168648993
645752680
413092334
750165236
481250182
579515334
331479870
150774290
926657599
506848678
439512891
393429371
376613778
558374172
366534352
691982478
535182069
47713420
639153360
935924283
631181375
738708422
455420860
173491976
103208932
374086009
781659861
976939772
444478575
76694134
42271043
205153803
649560117
638854972
435673189
483070121
513682058
17090437
954819168
27799561
178667327
56165161
515403679
937399015
563623061
966936702
72901037
328356797
884128164
542777
772479613
480464479
839286945
208177978
407989449
994019607
756790825
804581295
279250901
230100451
431068394
448270715
246317148
45665966
121677296
843092583
590569556
640143723
721394246
539767099
532974301
430612695
875762753
446831249
115414434
821421386
171942615
896089075
423949115
279917208
45719676
169702808
681175549
332499572
847521803
742472274
929717311
589717691
274065439
435585334
260775319
327982456
543085946
156252433
203469629
716694482
911919765
230006742
258894184
743671071
769141609
383731311
380952508
946716356
355171511
791197187
456406857
234500260
151818737
700576397
606460171
841393568
559279612
88676992
457821849
173278759
157029521
547789914
582850532
754156275
752906187
714358128
106971682
734726689
635649547
151081793
440868535
58115335
617487927
163851641
546397336
708716072
975350307
246009220
361941850
398100382
21857142
939958169
975651084
490812289
765845804
592728838
949458113
139166194
697034340
227029100
641222915
207341313
322297294
157744619
377860852
874546998
630565441
810244207
396052869
175637013
974825142
504560795
56603376
414333084
268409927
604841298
155327304
696581406
958467247
791681368
171305705
211280076
413447383
135267527
38993765
83850027
72390209
885250103
936389857
353103656
588945691
160828357
7564144
138349988
157091824
419985135
491912564
829538695
77472876
315563319
506403396
329388499
7516964
183608196
370135892
406112348
869404904
359138135
838740767
744619332
108333295
116276823
231992323
887746556
945515038
865732919
643616267
742997523
965750787
337789339
375129125
472409344
222559485
172972609
293604505
852081779
714596393
321919446
354324235
404378407
504094977
596505385
982681483
811683697
965331835
120200773
965649730
19783181
793909972
945573246
824059347
740304705
827841772
620162922
749999021
960019144
277510449
347947136
729633073
112023376
106169087
197822114
54024722
753257122
519496380
83920775
194858885
436898397
304222456
388081372
670011760
239730073
977758889
37511799
505348213
258200550
764595233
450843103
124689244
501987712
585296458
961108712
232640575
390355191
999727541
342807595
14494738
121436758
852458043
880301885
585420982
387593718
151786659
572733961
171592677
718541755
897324289
553204103
817004627
816354040
318081554
161932652
919014304
426500902
227324845
35006280
42586899
234489669
21326360
717323370
107684480
952994002
965259939
945599190
263494127
590408923
216243751
853118220
207670022
991925790
517200671
905876835
311624084
371730744
447554041
238460256
181104171
222636037
820321504
176521662
959336967
498798806
836872190
52188890
83970508
165632087
555577809
164270040
8588864
329925017
387661077
1634831
241271955
880065932
533929546
636056369
797262406
135231938
948162769
369649477
500052828
393637716
484400321
837905957
265499043
995320076
81914696
596098003
331522158
781018686
186695944
956941562
566512179
670031314
134343833
618081399
973994919
766485088
562730711
870420370
284732135
308905113
349846915
613044975
936079889
566930067
747602038
348361980
328500980
21840605
680600602
61455266
376335298
588646207
136674594
528986717
903571526
186855883
138992958
981267067
372503108
540063062
742602468
100036452
323274709
121508424
268058203
87401122
13495518
653311460
469813228
970326626
178844810
487948292
362338047
789321004
996687694
950102194
853461084
571514652
470725259
260804615
464730872
525563176
577650035
131470670
390281105
835681035
305489239
840903555
822346568
203139958
277121857
328097427
43073475
265196153
443666954
722846988
974627771
99856238
336625339
662179749
306359200
11536770
344141638
937340353
827222542
241570452
653563249
615335640
128312664
660210434
144309098
293536641
512005581
54881363
739034204
266587055
325042905
557559962
816026700
216594284
943815943
563068767
172451706
271945906
482343967
718395740
872640488
476435191
922729902
694946832
307478045
192687094
399439305
985833543
513507233
690561401
27438858
251027974
86444305
614377808
495426788
479590790
284732642
261269447
494093398
777674760
292159675
237034536
341628537
412292970
270698356
411279958
70672269
948590486
190403128
110560728
543355227
960825802
469665719
231012780
260948601
307118670
137636184
5893157
349856111
165905455
538966930
613502918
751919888
71733107
610373715
872592272
844029107
134751815
833570008
849056753
246230775
826458614
282705948
513458777
536867841
997460896
693847207
521267932
454942336
600270348
341018581
173442045
778005882
307107508
183908369
240763689
790742629
432122353
375068407
517915686
68877249
207717898
737676478
458734080
864638248
895135222
755900269
357456015
166943688
671856858
17731191
214677627
111758948
352745040
464479646
549748780
877476679
794976828
802256719
791906652
536286499
623205910
67376378
12478235
578340061
101829069
814204086
109295178
123733014
437604113
120934065
340013456
420404591
663398897
943213972
380268352
550982755
304661713
662750045
635995621
746284667
972250664
227140346
528985591
157558562
124034671
940319749
336347863
266619819
52829684
673690075
462988493
753676076
912890172
968746168
428129024
973892056
782536765
747618086
483679460
114041303
624640300
277683373
591477320
281593146
523309101
425887452
630549613
92356364
649729995
504615289
657487431
135613144
653400330
532727668
899626342
691689737
25094767
737052594
22647046
875812058
5437391
856521869
53732797
943656920
408881638
293065020
968205614
379799576
965832862
760076560
259801057
753886280
974661324
528493915
316092684
216433784
427058108
819016935
56415758
986845787
130126600
736046967
937366651
536100568
994740775
454931819
355613280
36429998
914701558
334472363
873104010
934569219
5197958
862006138
519683483
247916424
874095645
943825794
468707258
249075761
138588760
219130321
868874809
485309155
704259569
46516834
6135304
54252119
475726999
739242582
55908199
269295093
398615364
66939079
898852
219499165
95669557
421477932
247084322
930117481
991681368
304350325
495625455
126697475
407679216
761025431
96767850
150216105
210483673
450419928
682372264
181505369
458166102
101388133
208799995
515644615
544164825
81945522
376553372
924053553
855363344
808623291
919229395
461547942
289090830
237765849
79613077
77744973
481575583
825267991
389769750
551946504
146317825
773100759
949685118
973007961
373978278
361221512
297470798
296867393
822375363
937573038
530330913
266901382
6805199
422138943
607016712
96251885
972131887
913565979
31445416
542179638
963291209
774388405
658571992
456727387
349271110
754667794
535731032
139346819
72956632
822983954
179839533
226351403
446103288
465702662
111873114
799404278
178463220
190916482
316561207
29116770
440563553
592634596
578658639
259305676
826037776
84636852
620348845
110923919
780915195
259123932
922434905
41725663
223147951
950431653
326249569
99711706
554827146
942019123
388896187
360348612
892130905
321899913
994673167
798143407
244852434
448420050
311497339
410538345
81195906
762687665
795273411
726437434
212521599
339390566
63251857
443601334
759620692
15623962
563194297
222576581
485243694
728701464
163520237
470539858
857378371
843469334
35533861
149346536
233105766
315359241
530439276
289933179
385324928
934271759
328948325
120815482
221216701
543229455
500123890
145326891
194004824
374077184
545400710
856065926
308962684
455836250
489644591
269085652
485930791
161169377
900713351
920107331
635470924
923111803
91610031
983079920
984401676
979081310
832481701
38392197
207904024
86623499
902637265
727428649
920516317
697722786
147089778
275194792
189161823
510848711
807786297
256788268
417022950
621421661
946526107
710663284
226167394
156427577
518842617
982950679
471753772
256911405
631859730
315034686
789477802
121489475
499973253
485670034
577462798
19643976
818820686
449269950
249734871
111705244
511105658
154338499
133234015
451183502
29541074
793028728
292840974
308820952
363780381
287547921
473297668
600687709
287534333
92498354
375285104
436442848
442785298
137379369
75564909
520673835
359131959
223851463
22471895
613899074
543404536
817294558
144043877
827351186
297680051
882514342
722545162
150306888
261674322
578502940
51862088
754732437
515615456
40737476
103665939
332655529
207940960
368520695
150883713
618920125
429454609
979422192
427625503
858420373
577679594
962836043
499639493
470779552
149858873
811027294
917271432
679125512
766657553
218791473
940412625
195829982
557237113
710364801
293660220
840652827
21066732
237124992
180112335
304691942
406468395
88107738
263678957
100052362
893703650
780654351
590876829
586759649
119418831
1783758
700389126
130773043
209550018
554059293
262495961
508256811
36901807
907331784
451099137
510919777
877463523
483066830
19834780
531244646
136732556
510545217
375656347
282260348
804364161
868060918
20609646
864436291
516354607
898343604
231117754
213219069
947044741
491542931
176722224
444056844
156366531
204492098
716688589
345173810
981700883
221331516
735792629
644724868
581393301
898900943
579527142
811214191
186737133
694572319
204778521
234623567
302416815
954413030
718370412
872109479
730383899
442653764
690239685
980390963
662637075
546058373
902739921
104002921
633690956
29629936
363398580
925121696
997517414
227111019
186221993
105506192
846107960
718874835
233770008
91096942
404505516
195817385
576253559
385537779
153803949
928541137
238579338
202904446
374344700
155859674
740412734
50111685
936972545
408667988
328375604
975882806
696794576
802044667
120309352
765185598
764653550
905271300
883546260
169024000
392394846
59298602
729208938
676767286
248515058
507154122
847634815
10809348
557779553
247350126
863290948
311605229
670091612
409116822
785558308
198412454
856427643
213650292
969797375
956875641
582079624
611266340
638192854
143028570
943882789
601765073
236454905
972567078
126644442
223834168
